inf,imm
0,0
102,0
106,0
109,0
112,0
118,0
119,0
125,0
129,1
133,1
134,2
140,2
145,2
150,2
153,2
158,2
161,2
167,3
171,4
181,4
184,5
189,5
194,5
198,6
203,6
205,6
209,6
211,6
214,6
223,6
227,6
230,6
234,6
239,6
247,6
252,7
258,7
266,8
270,8
275,9
282,9
291,9
295,10
302,10
310,10
323,10
326,10
332,11
335,11
341,11
353,12
359,12
363,12
368,12
380,12
386,12
400,12
412,12
418,13
422,14
431,14
437,14
444,15
453,15
457,15
466,15
471,15
477,15
482,15
491,15
501,15
506,16
514,18
517,19
527,19
537,19
543,20
545,20
545,21
550,22
553,22
561,22
563,25
573,26
579,28
591,28
596,30
605,30
612,30
616,30
623,31
630,33
637,34
644,34
649,34
656,35
662,35
667,35
677,35
682,36
689,37
691,37
694,38
699,39
700,41
706,41
707,43
711,44
714,44
716,44
720,45
724,46
726,48
728,48
730,50
731,51
733,56
737,57
738,58
740,59
743,60
750,61
752,62
754,63
757,64
760,64
765,64
771,64
775,65
778,66
783,67
788,67
789,69
789,71
792,71
796,71
799,72
802,72
804,73
808,74
812,74
817,74
819,74
821,74
825,74
825,76
826,76
825,78
828,78
826,81
828,81
828,81
831,81
831,82
836,82
835,83
835,84
836,84
837,85
839,86
840,87
841,89
841,89
842,89
843,90
845,91
847,91
850,92
850,92
851,92
851,92
851,92
853,92
852,94
855,94
857,94
860,94
862,94
863,94
863,95
864,95
863,96
864,96
861,99
863,99
864,99
864,99
865,99
866,99
866,99
868,99
869,99
869,99
869,100
871,101
871,102
871,103
870,104
869,105
870,107
872,107
872,107
872,107
871,108
871,109
870,110
870,111
870,111
871,111
870,112
870,113
869,115
869,115
869,115
868,116
869,116
869,116
868,117
868,118
868,118
869,118
870,118
870,119
869,120
869,120
867,122
867,123
866,124
863,127
863,127
860,130
862,130
863,130
863,130
863,130
865,130
865,130
865,130
863,132
861,134
860,135
859,136
858,137
858,137
857,138
857,138
857,138
857,139
857,139
857,139
856,140
855,141
855,141
854,142
853,143
852,144
851,145
850,146
848,148
849,148
848,149
846,151
845,152
845,153
845,153
842,156
842,156
841,157
839,159
838,160
837,161
835,163
833,165
832,166
831,167
830,168
830,168
828,170
828,170
826,172
825,173
824,174
823,175
820,178
819,179
818,180
817,181
817,181
817,181
817,181
817,181
816,182
816,182
815,183
813,185
812,186
811,187
811,187
810,189
809,190
807,192
806,193
805,194
803,196
800,199
799,200
797,202
797,202
797,202
797,202
797,202
797,202
795,204
794,205
794,205
794,205
794,205
794,205
794,205
793,206
792,207
791,208
788,211
787,212
787,212
784,215
784,215
783,216
781,218
781,218
781,218
781,218
781,218
778,221
778,221
777,222
777,222
777,222
776,223
776,223
775,224
773,226
773,226
770,229
770,229
769,230
769,230
768,231
768,231
767,232
767,232
765,234
763,236
763,236
763,236
763,236
762,237
761,238
761,238
759,240
759,240
758,241
758,241
758,241
758,241
757,242
755,244
753,246
752,247
750,249
750,249
750,249
750,249
749,250
747,252
747,252
746,253
745,254
745,254
743,256
743,256
742,257
742,257
742,257
742,257
742,257
742,257
742,257
742,257
741,258
741,258
741,258
738,261
738,261
736,263
736,263
735,264
735,264
735,264
735,264
732,267
732,267
732,267
729,270
728,271
727,272
726,273
726,273
726,273
726,273
726,273
724,275
724,276
723,277
722,278
721,279
721,279
721,279
721,279
720,280
718,282
718,282
717,283
717,283
716,284
714,286
714,286
714,286
714,286
714,286
711,289
711,289
711,289
711,289
709,291
708,292
708,292
707,293
707,293
705,295
705,295
705,295
705,295
705,295
704,296
703,297
703,297
701,299
701,299
701,299
700,300
699,301
699,301
699,301
699,301
699,301
699,301
699,301
698,302
697,303
695,305
693,307
693,307
692,308
690,310
689,311
688,312
688,312
687,313
686,314
685,315
685,315
684,316
684,316
683,317
683,317
683,317
683,317
683,317
682,318
682,318
681,319
681,319
680,320
680,320
679,321
679,321
678,322
675,325
674,326
673,327
673,327
673,327
671,329
669,331
669,331
667,333
665,335
664,336
664,336
663,337
661,339
661,339
661,339
661,339
661,339
660,340
659,341
658,342
657,343
657,343
657,343
657,343
657,343
657,343
655,345
655,345
655,345
655,345
654,346
653,347
651,349
650,350
650,350
650,350
649,351
649,351
649,351
649,351
648,352
648,352
647,353
647,353
647,353
647,353
646,354
645,355
644,356
644,356
643,357
643,357
642,358
642,358
642,358
642,358
642,358
641,359
641,359
641,359
641,359
640,360
640,360
640,360
640,360
639,361
638,362
638,362
637,363
636,364
635,365
634,366
633,367
633,367
633,367
633,367
633,367
633,367
633,367
630,370
629,371
629,371
628,372
627,373
627,373
627,373
627,373
627,373
627,373
627,373
627,373
626,374
626,374
626,374
625,375
625,375
625,375
625,375
625,375
625,375
625,375
623,377
622,378
621,379
620,380
620,380
618,382
617,383
617,383
617,383
617,383
616,384
614,386
613,387
613,387
612,388
611,389
611,389
611,389
610,390
610,390
608,392
607,393
606,394
606,394
605,395
603,397
603,397
601,399
600,400
600,400
599,401
599,401
599,401
599,401
598,402
597,403
597,403
596,404
596,404
595,405
595,405
595,405
594,406
594,406
594,406
594,406
593,407
593,407
592,408
592,408
590,410
590,410
590,410
588,412
588,412
588,412
587,413
585,415
585,415
585,415
585,415
585,415
584,416
584,416
584,416
583,417
582,418
581,419
580,420
580,420
580,420
579,421
578,422
577,423
575,425
575,425
573,427
573,427
572,428
572,428
572,428
571,429
570,430
570,430
568,432
568,432
568,432
568,432
568,432
568,432
568,432
567,433
564,436
564,436
563,437
563,437
563,437
562,438
561,439
561,439
560,440
560,440
559,441
559,441
559,441
558,442
558,442
558,442
558,442
558,442
557,443
557,443
557,443
556,444
555,445
555,445
555,445
555,445
554,446
553,447
553,447
553,447
553,447
552,448
551,449
551,449
551,449
551,449
549,451
549,451
549,451
549,451
548,452
548,452
548,452
548,452
547,453
547,453
546,454
546,454
546,454
545,455
545,455
543,457
542,458
542,458
541,459
540,460
539,461
538,462
538,462
538,462
537,463
536,464
536,464
534,466
534,466
534,466
533,467
532,468
532,468
531,469
530,470
530,470
530,470
529,471
528,472
528,472
528,472
527,473
527,473
527,473
527,473
527,473
526,474
525,475
525,475
525,475
525,475
524,476
524,476
524,476
524,476
524,476
524,476
523,477
523,477
523,477
523,477
523,477
522,478
522,478
522,478
522,478
522,478
522,478
522,478
521,479
521,479
520,480
520,480
520,480
520,480
520,480
519,481
519,481
519,481
518,482
516,484
516,484
515,485
514,486
514,486
513,487
513,487
512,488
512,488
512,488
512,488
511,489
511,489
510,490
510,490
508,492
508,492
508,492
508,492
508,492
508,492
508,492
508,492
507,493
507,493
507,493
506,494
506,494
506,494
506,494
506,494
505,495
505,495
505,495
504,496
503,497
502,498
502,498
502,498
502,498
502,498
502,498
502,498
502,498
501,499
500,500
500,500
500,500
498,502
498,502
496,504
495,505
495,505
495,505
494,506
492,508
492,508
491,509
489,511
489,511
489,511
487,513
487,513
487,513
486,514
486,514
486,514
485,515
483,517
483,517
483,517
483,517
482,518
482,518
482,518
482,518
482,518
482,518
481,519
480,520
480,520
480,520
479,521
478,522
478,522
474,526
474,526
474,526
474,526
472,528
472,528
472,528
472,528
472,528
472,528
470,530
470,530
469,531
469,531
469,531
469,531
469,531
467,533
467,533
466,534
465,535
464,536
464,536
463,537
463,537
462,538
462,538
461,539
458,542
456,544
455,545
455,545
454,546
454,546
454,546
453,547
452,548
452,548
451,549
451,549
451,549
449,551
449,551
449,551
449,551
449,551
448,552
447,553
447,553
447,553
447,553
447,553
446,554
446,554
445,555
444,556
444,556
444,556
444,556
444,556
442,558
442,558
440,560
440,560
440,560
440,560
440,560
440,560
440,560
439,561
439,561
438,562
437,563
437,563
437,563
437,563
437,563
437,563
436,564
436,564
436,564
436,564
436,564
435,565
434,566
433,567
433,567
432,568
432,568
432,568
431,569
431,569
431,569
431,569
430,570
430,570
430,570
429,571
429,571
429,571
427,573
427,573
427,573
426,574
426,574
426,574
426,574
425,575
425,575
425,575
425,575
424,576
424,576
424,576
424,576
424,576
423,577
422,578
422,578
421,579
421,579
421,579
418,582
417,583
417,583
415,585
415,585
415,585
415,585
413,587
413,587
413,587
413,587
413,587
413,587
413,587
413,587
412,588
412,588
412,588
412,588
412,588
411,589
411,589
410,590
410,590
410,590
409,591
409,591
408,592
408,592
408,592
408,592
408,592
407,593
407,593
406,594
406,594
406,594
406,594
405,595
402,598
402,598
402,598
402,598
402,598
402,598
401,599
400,600
400,600
400,600
400,600
399,601
399,601
399,601
399,601
398,602
398,602
397,603
397,603
397,603
397,603
397,603
395,605
395,605
395,605
395,605
394,606
394,606
394,606
394,606
394,606
394,606
391,609
389,611
388,612
388,612
388,612
388,612
387,613
387,613
387,613
386,614
384,616
384,616
384,616
384,616
384,616
384,616
384,616
384,616
383,617
383,617
383,617
383,617
383,617
383,617
383,617
383,617
382,618
382,618
382,618
380,620
380,620
380,620
380,620
380,620
380,620
379,621
377,623
377,623
375,625
375,625
374,626
373,627
373,627
373,627
373,627
373,627
373,627
371,629
371,629
371,629
370,630
370,630
370,630
368,632
368,632
368,632
368,632
368,632
368,632
368,632
367,633
366,634
366,634
365,635
363,637
363,637
363,637
362,638
361,639
361,639
360,640
360,640
360,640
359,641
358,642
356,644
355,645
354,646
354,646
354,646
354,646
353,647
352,648
352,648
352,648
351,649
350,650
350,650
350,650
350,650
349,651
349,651
347,653
345,655
345,655
344,656
344,656
344,656
344,656
344,656
344,656
344,656
344,656
344,656
344,656
343,657
342,658
342,658
342,658
341,659
341,659
341,659
341,659
341,659
341,659
341,659
341,659
340,660
340,660
340,660
340,660
340,660
340,660
340,660
339,661
339,661
338,662
338,662
338,662
338,662
338,662
338,662
336,664
336,664
336,664
335,665
335,665
335,665
335,665
335,665
335,665
335,665
335,665
335,665
335,665
335,665
335,665
334,666
334,666
334,666
333,667
333,667
333,667
333,667
333,667
333,667
333,667
332,668
332,668
331,669
329,671
328,672
327,673
327,673
327,673
327,673
326,674
326,674
326,674
326,674
326,674
326,674
325,675
325,675
324,676
324,676
324,676
324,676
324,676
323,677
323,677
323,677
323,677
323,677
323,677
323,677
323,677
323,677
323,677
322,678
322,678
322,678
322,678
322,678
322,678
322,678
322,678
322,678
322,678
322,678
322,678
322,678
322,678
322,678
322,678
321,679
321,679
320,680
320,680
320,680
319,681
319,681
318,682
318,682
317,683
317,683
317,683
317,683
317,683
317,683
317,683
317,683
316,684
316,684
315,685
315,685
315,685
315,685
315,685
314,686
314,686
314,686
313,687
313,687
313,687
312,688
312,688
312,688
312,688
311,689
311,689
311,689
311,689
310,690
310,690
310,690
310,690
309,691
308,692
308,692
307,693
306,694
306,694
306,694
306,694
306,694
306,694
306,694
306,694
306,694
306,694
305,695
305,695
304,696
304,696
304,696
304,696
304,696
303,697
303,697
303,697
303,697
303,697
303,697
303,697
303,697
302,698
301,699
301,699
301,699
301,699
301,699
301,699
301,699
301,699
300,700
299,701
299,701
299,701
299,701
299,701
298,702
298,702
298,702
297,703
296,704
296,704
295,705
295,705
294,706
293,707
293,707
293,707
293,707
293,707
292,708
292,708
292,708
292,708
292,708
292,708
292,708
292,708
292,708
292,708
292,708
292,708
292,708
292,708
292,708
291,709
291,709
291,709
291,709
291,709
291,709
291,709
291,709
291,709
291,709
291,709
291,709
291,709
290,710
289,711
287,713
287,713
286,714
285,715
285,715
285,715
285,715
285,715
285,715
285,715
284,716
283,717
282,718
281,719
280,720
280,720
279,721
279,721
278,722
278,722
277,723
277,723
276,724
276,724
276,724
275,725
275,725
275,725
275,725
274,726
274,726
274,726
274,726
273,727
273,727
273,727
273,727
272,728
272,728
272,728
271,729
271,729
270,730
270,730
269,731
269,731
269,731
269,731
268,732
267,733
267,733
267,733
267,733
267,733
267,733
266,734
266,734
266,734
266,734
266,734
266,734
266,734
266,734
266,734
266,734
266,734
266,734
266,734
266,734
266,734
266,734
266,734
266,734
266,734
265,735
265,735
265,735
265,735
265,735
265,735
265,735
265,735
265,735
265,735
265,735
265,735
265,735
265,735
265,735
265,735
265,735
265,735
265,735
265,735
264,736
264,736
262,738
262,738
262,738
262,738
261,739
261,739
261,739
261,739
261,739
261,739
261,739
261,739
261,739
261,739
261,739
261,739
261,739
261,739
261,739
261,739
261,739
261,739
259,741
259,741
259,741
259,741
258,742
257,743
257,743
257,743
257,743
257,743
257,743
257,743
257,743
257,743
257,743
257,743
256,744
256,744
256,744
256,744
256,744
256,744
256,744
256,744
256,744
256,744
256,744
256,744
256,744
256,744
256,744
256,744
256,744
256,744
255,745
254,746
254,746
254,746
254,746
254,746
254,746
254,746
253,747
253,747
253,747
253,747
253,747
253,747
253,747
253,747
252,748
252,748
251,749
250,750
249,751
247,753
247,753
247,753
247,753
247,753
247,753
247,753
247,753
247,753
246,754
246,754
246,754
246,754
246,754
246,754
245,755
245,755
245,755
245,755
245,755
245,755
244,756
244,756
244,756
243,757
242,758
241,759
240,760
240,760
239,761
239,761
239,761
239,761
238,762
238,762
238,762
238,762
238,762
237,763
236,764
235,765
234,766
234,766
234,766
233,767
232,768
232,768
231,769
231,769
231,769
231,769
231,769
231,769
231,769
230,770
230,770
230,770
230,770
229,771
229,771
229,771
229,771
229,771
229,771
229,771
229,771
228,772
227,773
227,773
226,774
226,774
225,775
225,775
225,775
225,775
225,775
225,775
225,775
225,775
224,776
224,776
224,776
224,776
223,777
221,779
221,779
221,779
221,779
221,779
221,779
221,779
220,780
220,780
220,780
220,780
220,780
220,780
220,780
220,780
219,781
218,782
218,782
218,782
218,782
218,782
218,782
218,782
218,782
218,782
218,782
218,782
216,784
216,784
216,784
216,784
216,784
216,784
216,784
216,784
216,784
216,784
216,784
216,784
216,784
216,784
216,784
216,784
216,784
216,784
216,784
216,784
215,785
215,785
215,785
215,785
214,786
214,786
214,786
213,787
212,788
212,788
211,789
210,790
209,791
209,791
209,791
209,791
209,791
209,791
209,791
209,791
209,791
209,791
209,791
209,791
209,791
209,791
209,791
209,791
209,791
209,791
209,791
209,791
208,792
207,793
207,793
206,794
206,794
206,794
206,794
206,794
206,794
206,794
206,794
206,794
206,794
206,794
206,794
206,794
206,794
206,794
206,794
206,794
206,794
206,794
206,794
206,794
206,794
206,794
206,794
206,794
206,794
206,794
206,794
205,795
205,795
205,795
205,795
205,795
205,795
205,795
204,796
204,796
204,796
204,796
204,796
204,796
202,798
202,798
202,798
202,798
202,798
202,798
202,798
201,799
201,799
201,799
200,800
200,800
200,800
200,800
200,800
200,800
200,800
199,801
199,801
199,801
198,802
198,802
198,802
198,802
198,802
198,802
198,802
198,802
198,802
197,803
196,804
195,805
195,805
195,805
195,805
195,805
195,805
195,805
195,805
195,805
195,805
195,805
194,806
194,806
194,806
194,806
194,806
194,806
194,806
194,806
194,806
194,806
194,806
194,806
194,806
194,806
193,807
193,807
192,808
190,810
190,810
190,810
190,810
190,810
190,810
190,810
190,810
190,810
190,810
189,811
189,811
189,811
189,811
189,811
189,811
189,811
189,811
189,811
189,811
187,813
186,814
186,814
186,814
186,814
186,814
186,814
186,814
186,814
186,814
185,815
184,816
184,816
184,816
184,816
184,816
184,816
184,816
182,818
182,818
182,818
182,818
181,819
181,819
181,819
181,819
181,819
181,819
181,819
181,819
181,819
181,819
181,819
181,819
181,819
181,819
180,820
180,820
179,821
179,821
179,821
178,822
178,822
178,822
178,822
177,823
177,823
177,823
177,823
177,823
177,823
177,823
176,824
176,824
176,824
176,824
176,824
176,824
176,824
176,824
176,824
176,824
176,824
176,824
176,824
176,824
176,824
176,824
176,824
176,824
176,824
176,824
176,824
176,824
176,824
176,824
175,825
175,825
175,825
174,826
174,826
174,826
174,826
174,826
174,826
174,826
174,826
173,827
173,827
173,827
173,827
173,827
173,827
172,828
172,828
172,828
172,828
172,828
172,828
172,828
170,830
169,831
169,831
169,831
169,831
169,831
169,831
169,831
169,831
169,831
169,831
169,831
168,832
168,832
168,832
167,833
167,833
167,833
167,833
167,833
166,834
166,834
166,834
166,834
166,834
166,834
166,834
166,834
166,834
166,834
166,834
166,834
166,834
166,834
166,834
166,834
166,834
166,834
166,834
166,834
166,834
166,834
165,835
163,837
163,837
163,837
163,837
162,838
161,839
161,839
161,839
161,839
160,840
160,840
159,841
159,841
159,841
159,841
158,842
158,842
158,842
158,842
158,842
158,842
157,843
157,843
157,843
156,844
156,844
156,844
156,844
155,845
155,845
155,845
155,845
155,845
155,845
155,845
155,845
155,845
155,845
155,845
155,845
155,845
155,845
155,845
154,846
154,846
154,846
154,846
154,846
154,846
154,846
154,846
154,846
154,846
154,846
154,846
154,846
154,846
154,846
154,846
154,846
154,846
154,846
154,846
153,847
153,847
153,847
153,847
153,847
152,848
152,848
152,848
152,848
152,848
152,848
152,848
152,848
152,848
152,848
152,848
152,848
152,848
152,848
152,848
152,848
152,848
151,849
151,849
151,849
151,849
151,849
151,849
151,849
151,849
151,849
151,849
151,849
150,850
149,851
149,851
149,851
149,851
149,851
148,852
148,852
148,852
148,852
148,852
148,852
148,852
148,852
148,852
148,852
148,852
148,852
148,852
148,852
148,852
148,852
147,853
147,853
147,853
147,853
147,853
147,853
147,853
147,853
147,853
146,854
146,854
146,854
146,854
146,854
145,855
145,855
145,855
145,855
145,855
145,855
145,855
145,855
144,856
144,856
144,856
144,856
144,856
144,856
144,856
143,857
143,857
142,858
142,858
142,858
142,858
142,858
141,859
141,859
141,859
140,860
140,860
140,860
139,861
139,861
139,861
139,861
139,861
139,861
138,862
138,862
138,862
138,862
138,862
138,862
138,862
138,862
138,862
138,862
138,862
138,862
138,862
138,862
138,862
138,862
138,862
138,862
138,862
138,862
138,862
138,862
138,862
138,862
138,862
138,862
138,862
138,862
137,863
137,863
136,864
136,864
136,864
136,864
135,865
135,865
135,865
135,865
135,865
135,865
135,865
134,866
134,866
134,866
134,866
133,867
133,867
133,867
133,867
133,867
133,867
133,867
133,867
132,868
131,869
131,869
131,869
131,869
131,869
131,869
130,870
130,870
130,870
130,870
130,870
130,870
130,870
130,870
129,871
129,871
129,871
129,871
129,871
129,871
129,871
129,871
129,871
129,871
129,871
129,871
129,871
129,871
129,871
129,871
129,871
129,871
128,872
128,872
128,872
128,872
128,872
128,872
127,873
127,873
127,873
126,874
126,874
126,874
126,874
125,875
124,876
124,876
124,876
124,876
123,877
123,877
123,877
123,877
123,877
123,877
123,877
123,877
123,877
123,877
123,877
123,877
123,877
123,877
123,877
123,877
123,877
123,877
123,877
123,877
123,877
123,877
123,877
123,877
123,877
123,877
123,877
123,877
123,877
123,877
122,878
122,878
122,878
122,878
122,878
122,878
122,878
122,878
122,878
122,878
122,878
122,878
121,879
121,879
121,879
121,879
121,879
120,880
120,880
119,881
119,881
119,881
119,881
118,882
118,882
118,882
118,882
118,882
118,882
118,882
118,882
118,882
117,883
117,883
117,883
117,883
117,883
117,883
117,883
117,883
117,883
117,883
117,883
117,883
117,883
117,883
116,884
116,884
116,884
116,884
116,884
116,884
116,884
116,884
116,884
116,884
116,884
116,884
116,884
116,884
116,884
116,884
115,885
115,885
115,885
115,885
115,885
115,885
115,885
115,885
115,885
115,885
115,885
115,885
115,885
115,885
115,885
115,885
115,885
115,885
115,885
115,885
115,885
115,885
115,885
115,885
115,885
115,885
114,886
114,886
114,886
114,886
114,886
114,886
114,886
114,886
114,886
113,887
113,887
113,887
113,887
112,888
112,888
112,888
112,888
112,888
112,888
112,888
112,888
112,888
111,889
111,889
111,889
111,889
111,889
111,889
111,889
111,889
111,889
111,889
111,889
111,889
111,889
111,889
111,889
111,889
111,889
111,889
111,889
111,889
111,889
111,889
111,889
111,889
110,890
110,890
110,890
110,890
110,890
110,890
110,890
110,890
110,890
110,890
110,890
110,890
110,890
110,890
110,890
110,890
110,890
110,890
110,890
110,890
110,890
110,890
109,891
109,891
108,892
107,893
107,893
107,893
107,893
107,893
107,893
107,893
107,893
107,893
107,893
107,893
107,893
107,893
107,893
107,893
107,893
106,894
106,894
106,894
106,894
106,894
106,894
106,894
106,894
106,894
106,894
106,894
106,894
106,894
106,894
106,894
106,894
106,894
106,894
106,894
106,894
106,894
106,894
106,894
106,894
106,894
106,894
106,894
106,894
106,894
106,894
106,894
106,894
106,894
106,894
106,894
106,894
105,895
105,895
105,895
105,895
105,895
105,895
105,895
105,895
105,895
104,896
104,896
104,896
104,896
104,896
104,896
104,896
104,896
104,896
104,896
104,896
104,896
103,897
103,897
103,897
103,897
103,897
103,897
103,897
103,897
103,897
103,897
102,898
102,898
102,898
102,898
102,898
102,898
102,898
101,899
101,899
101,899
100,900
100,900
100,900
100,900
100,900
100,900
100,900
100,900
100,900
100,900
100,900
100,900
100,900
100,900
100,900
100,900
100,900
99,901
99,901
99,901
99,901
99,901
99,901
98,902
98,902
98,902
98,902
98,902
97,903
97,903
97,903
97,903
97,903
97,903
97,903
96,904
96,904
96,904
96,904
96,904
96,904
95,905
95,905
95,905
95,905
95,905
95,905
95,905
95,905
95,905
94,906
94,906
94,906
94,906
94,906
94,906
94,906
94,906
93,907
93,907
93,907
93,907
93,907
93,907
93,907
91,909
91,909
91,909
91,909
91,909
91,909
91,909
91,909
91,909
91,909
91,909
91,909
91,909
91,909
91,909
91,909
91,909
91,909
91,909
90,910
90,910
90,910
90,910
90,910
90,910
90,910
90,910
90,910
90,910
90,910
90,910
89,911
89,911
89,911
89,911
89,911
89,911
88,912
88,912
88,912
88,912
87,913
86,914
86,914
86,914
86,914
86,914
86,914
86,914
86,914
86,914
86,914
86,914
86,914
86,914
86,914
86,914
86,914
86,914
86,914
86,914
86,914
86,914
86,914
86,914
86,914
86,914
86,914
86,914
86,914
86,914
86,914
86,914
86,914
86,914
86,914
86,914
86,914
86,914
86,914
85,915
85,915
85,915
85,915
85,915
85,915
85,915
85,915
85,915
85,915
85,915
85,915
85,915
85,915
85,915
85,915
85,915
85,915
85,915
85,915
85,915
85,915
85,915
85,915
85,915
85,915
85,915
85,915
85,915
85,915
85,915
85,915
85,915
85,915
85,915
85,915
85,915
85,915
85,915
85,915
84,916
84,916
84,916
83,917
83,917
83,917
83,917
83,917
83,917
83,917
83,917
83,917
83,917
83,917
83,917
83,917
83,917
83,917
83,917
83,917
83,917
82,918
82,918
82,918
82,918
82,918
82,918
82,918
82,918
82,918
82,918
82,918
82,918
82,918
82,918
82,918
82,918
82,918
82,918
82,918
82,918
82,918
82,918
82,918
82,918
82,918
82,918
82,918
82,918
82,918
82,918
81,919
81,919
81,919
81,919
80,920
80,920
80,920
80,920
80,920
80,920
80,920
80,920
80,920
80,920
80,920
80,920
80,920
80,920
80,920
80,920
80,920
80,920
80,920
80,920
80,920
80,920
79,921
78,922
78,922
78,922
78,922
77,923
77,923
77,923
77,923
77,923
77,923
77,923
77,923
77,923
77,923
77,923
77,923
77,923
76,924
76,924
76,924
76,924
76,924
76,924
76,924
76,924
76,924
76,924
76,924
76,924
76,924
76,924
76,924
76,924
76,924
76,924
76,924
75,925
75,925
75,925
75,925
75,925
75,925
75,925
75,925
74,926
74,926
74,926
74,926
74,926
74,926
73,927
72,928
72,928
72,928
72,928
72,928
72,928
72,928
72,928
72,928
72,928
72,928
72,928
72,928
72,928
72,928
72,928
72,928
72,928
71,929
71,929
71,929
71,929
71,929
71,929
71,929
71,929
71,929
71,929
71,929
71,929
71,929
71,929
71,929
71,929
71,929
71,929
71,929
71,929
70,930
70,930
70,930
70,930
70,930
70,930
70,930
70,930
70,930
70,930
70,930
70,930
70,930
70,930
70,930
70,930
70,930
70,930
70,930
70,930
70,930
70,930
70,930
70,930
70,930
70,930
70,930
70,930
70,930
70,930
70,930
70,930
70,930
70,930
70,930
69,931
69,931
69,931
69,931
69,931
69,931
69,931
69,931
69,931
69,931
69,931
69,931
69,931
69,931
69,931
69,931
69,931
69,931
69,931
69,931
69,931
68,932
68,932
67,933
67,933
67,933
67,933
67,933
67,933
67,933
67,933
67,933
67,933
67,933
67,933
67,933
67,933
67,933
67,933
67,933
67,933
67,933
67,933
67,933
67,933
67,933
67,933
67,933
67,933
67,933
67,933
67,933
67,933
67,933
67,933
67,933
67,933
67,933
67,933
67,933
67,933
67,933
67,933
66,934
66,934
66,934
66,934
66,934
66,934
66,934
66,934
66,934
66,934
66,934
66,934
66,934
66,934
66,934
66,934
66,934
65,935
65,935
65,935
65,935
65,935
64,936
64,936
64,936
64,936
63,937
63,937
63,937
63,937
63,937
63,937
63,937
63,937
63,937
63,937
63,937
63,937
63,937
63,937
63,937
63,937
63,937
63,937
63,937
63,937
63,937
63,937
63,937
62,938
62,938
62,938
62,938
62,938
62,938
62,938
62,938
62,938
62,938
62,938
62,938
62,938
62,938
62,938
62,938
62,938
62,938
62,938
62,938
62,938
62,938
62,938
62,938
62,938
61,939
61,939
61,939
61,939
61,939
61,939
61,939
61,939
60,940
60,940
59,941
59,941
59,941
59,941
59,941
59,941
59,941
59,941
59,941
59,941
59,941
59,941
59,941
59,941
59,941
59,941
59,941
59,941
59,941
59,941
59,941
59,941
59,941
59,941
59,941
59,941
59,941
59,941
58,942
58,942
58,942
58,942
58,942
58,942
58,942
58,942
58,942
58,942
58,942
58,942
57,943
57,943
57,943
57,943
57,943
56,944
56,944
56,944
56,944
56,944
56,944
56,944
56,944
56,944
56,944
56,944
56,944
56,944
56,944
56,944
56,944
56,944
56,944
56,944
56,944
56,944
56,944
56,944
56,944
56,944
56,944
56,944
56,944
56,944
56,944
56,944
56,944
56,944
56,944
56,944
56,944
56,944
56,944
56,944
56,944
56,944
56,944
56,944
56,944
56,944
56,944
56,944
56,944
56,944
56,944
56,944
56,944
56,944
56,944
56,944
55,945
55,945
55,945
55,945
55,945
55,945
55,945
55,945
55,945
55,945
55,945
55,945
55,945
55,945
55,945
54,946
54,946
54,946
54,946
54,946
54,946
54,946
54,946
54,946
54,946
54,946
54,946
54,946
54,946
54,946
54,946
54,946
54,946
54,946
54,946
54,946
54,946
54,946
54,946
54,946
54,946
54,946
54,946
53,947
53,947
53,947
53,947
53,947
53,947
53,947
53,947
53,947
53,947
53,947
53,947
53,947
53,947
53,947
53,947
53,947
53,947
53,947
53,947
53,947
53,947
53,947
53,947
53,947
53,947
53,947
53,947
53,947
53,947
53,947
53,947
53,947
53,947
53,947
53,947
53,947
53,947
53,947
53,947
53,947
53,947
53,947
53,947
53,947
53,947
53,947
53,947
53,947
53,947
53,947
53,947
53,947
53,947
53,947
53,947
53,947
53,947
53,947
53,947
53,947
53,947
53,947
53,947
53,947
53,947
53,947
53,947
53,947
53,947
53,947
53,947
53,947
53,947
53,947
53,947
53,947
53,947
53,947
52,948
52,948
52,948
52,948
52,948
52,948
52,948
52,948
52,948
52,948
52,948
52,948
52,948
52,948
52,948
52,948
52,948
52,948
52,948
52,948
52,948
52,948
52,948
52,948
52,948
52,948
52,948
52,948
52,948
52,948
52,948
52,948
51,949
51,949
51,949
51,949
51,949
51,949
50,950
50,950
50,950
50,950
50,950
50,950
50,950
49,951
49,951
49,951
49,951
49,951
49,951
49,951
49,951
49,951
49,951
49,951
49,951
49,951
49,951
49,951
49,951
49,951
49,951
49,951
49,951
49,951
49,951
49,951
49,951
49,951
49,951
49,951
49,951
49,951
49,951
49,951
49,951
49,951
49,951
49,951
49,951
49,951
49,951
49,951
49,951
49,951
49,951
49,951
49,951
49,951
49,951
49,951
49,951
49,951
49,951
49,951
49,951
49,951
49,951
49,951
48,952
48,952
48,952
48,952
48,952
48,952
48,952
48,952
48,952
48,952
48,952
48,952
48,952
48,952
48,952
48,952
48,952
47,953
46,954
46,954
46,954
46,954
46,954
46,954
46,954
46,954
46,954
46,954
46,954
46,954
46,954
46,954
46,954
46,954
46,954
46,954
46,954
45,955
45,955
45,955
45,955
45,955
45,955
45,955
45,955
45,955
45,955
45,955
45,955
45,955
45,955
45,955
45,955
45,955
45,955
45,955
44,956
44,956
44,956
44,956
44,956
44,956
44,956
44,956
44,956
44,956
43,957
43,957
43,957
43,957
43,957
43,957
43,957
43,957
43,957
43,957
43,957
43,957
43,957
43,957
43,957
43,957
43,957
43,957
43,957
43,957
43,957
43,957
43,957
43,957
43,957
43,957
43,957
43,957
43,957
43,957
43,957
43,957
43,957
43,957
43,957
43,957
43,957
42,958
42,958
42,958
42,958
42,958
41,959
41,959
40,960
40,960
40,960
40,960
40,960
40,960
40,960
39,961
39,961
39,961
39,961
38,962
38,962
38,962
38,962
38,962
38,962
38,962
38,962
38,962
38,962
38,962
37,963
37,963
37,963
37,963
37,963
37,963
37,963
36,964
36,964
36,964
36,964
36,964
36,964
36,964
36,964
36,964
36,964
36,964
36,964
36,964
36,964
36,964
36,964
36,964
36,964
36,964
36,964
36,964
36,964
36,964
36,964
36,964
36,964
36,964
36,964
36,964
36,964
36,964
36,964
36,964
36,964
36,964
36,964
36,964
36,964
36,964
36,964
36,964
36,964
36,964
36,964
36,964
36,964
36,964
36,964
36,964
36,964
36,964
36,964
36,964
36,964
36,964
36,964
36,964
36,964
36,964
36,964
36,964
36,964
36,964
36,964
36,964
36,964
36,964
36,964
36,964
36,964
36,964
36,964
36,964
36,964
36,964
35,965
35,965
35,965
35,965
35,965
34,966
34,966
34,966
34,966
34,966
34,966
34,966
34,966
34,966
34,966
34,966
33,967
33,967
33,967
33,967
33,967
33,967
33,967
33,967
33,967
33,967
33,967
33,967
33,967
33,967
33,967
33,967
33,967
33,967
33,967
33,967
33,967
33,967
33,967
33,967
33,967
33,967
33,967
33,967
33,967
33,967
33,967
33,967
33,967
33,967
33,967
33,967
33,967
33,967
33,967
33,967
33,967
33,967
33,967
33,967
33,967
33,967
33,967
33,967
33,967
33,967
33,967
33,967
33,967
33,967
33,967
33,967
33,967
33,967
33,967
33,967
33,967
33,967
33,967
33,967
33,967
33,967
33,967
33,967
33,967
33,967
33,967
33,967
33,967
33,967
33,967
33,967
33,967
33,967
33,967
33,967
33,967
33,967
33,967
33,967
33,967
33,967
33,967
33,967
33,967
33,967
33,967
33,967
33,967
33,967
33,967
33,967
33,967
33,967
33,967
33,967
33,967
33,967
33,967
33,967
33,967
33,967
33,967
33,967
33,967
33,967
33,967
33,967
33,967
33,967
33,967
33,967
33,967
33,967
33,967
33,967
33,967
33,967
33,967
33,967
33,967
33,967
33,967
33,967
33,967
33,967
33,967
33,967
33,967
33,967
33,967
33,967
33,967
33,967
33,967
33,967
33,967
33,967
33,967
33,967
33,967
33,967
33,967
33,967
33,967
33,967
33,967
33,967
33,967
33,967
33,967
33,967
33,967
33,967
33,967
33,967
33,967
33,967
33,967
33,967
33,967
33,967
33,967
33,967
33,967
33,967
33,967
33,967
33,967
33,967
33,967
33,967
33,967
33,967
33,967
33,967
33,967
33,967
33,967
33,967
33,967
33,967
33,967
33,967
33,967
33,967
33,967
33,967
33,967
33,967
33,967
33,967
33,967
33,967
33,967
33,967
33,967
33,967
33,967
33,967
33,967
33,967
33,967
33,967
33,967
33,967
33,967
33,967
33,967
33,967
33,967
33,967
33,967
33,967
33,967
33,967
33,967
33,967
33,967
33,967
33,967
33,967
33,967
33,967
33,967
33,967
33,967
33,967
33,967
33,967
33,967
33,967
33,967
33,967
33,967
33,967
32,968
32,968
32,968
32,968
32,968
32,968
32,968
32,968
32,968
32,968
32,968
32,968
32,968
32,968
32,968
32,968
32,968
32,968
32,968
32,968
32,968
32,968
32,968
32,968
32,968
32,968
32,968
32,968
32,968
32,968
32,968
32,968
32,968
32,968
32,968
32,968
32,968
32,968
32,968
32,968
32,968
32,968
32,968
32,968
32,968
32,968
32,968
32,968
32,968
32,968
32,968
32,968
32,968
32,968
32,968
32,968
32,968
32,968
32,968
32,968
32,968
32,968
32,968
32,968
32,968
32,968
32,968
32,968
32,968
32,968
32,968
32,968
32,968
32,968
32,968
32,968
32,968
32,968
32,968
32,968
32,968
32,968
32,968
32,968
32,968
32,968
31,969
31,969
31,969
31,969
31,969
31,969
31,969
31,969
31,969
31,969
31,969
31,969
31,969
31,969
30,970
30,970
30,970
30,970
30,970
30,970
30,970
30,970
30,970
30,970
30,970
30,970
30,970
30,970
29,971
29,971
29,971
29,971
29,971
29,971
29,971
29,971
29,971
29,971
29,971
29,971
29,971
29,971
29,971
29,971
29,971
29,971
29,971
29,971
29,971
29,971
29,971
28,972
28,972
28,972
28,972
28,972
28,972
28,972
28,972
27,973
27,973
27,973
27,973
27,973
27,973
27,973
27,973
27,973
27,973
27,973
27,973
27,973
26,974
26,974
26,974
26,974
25,975
25,975
25,975
25,975
25,975
25,975
25,975
25,975
25,975
25,975
25,975
25,975
25,975
25,975
25,975
25,975
24,976
23,977
23,977
23,977
23,977
23,977
23,977
23,977
23,977
23,977
23,977
23,977
23,977
23,977
23,977
23,977
23,977
23,977
23,977
23,977
22,978
22,978
22,978
22,978
22,978
22,978
22,978
22,978
22,978
22,978
22,978
22,978
22,978
22,978
22,978
22,978
22,978
22,978
22,978
22,978
22,978
22,978
22,978
22,978
22,978
22,978
22,978
22,978
22,978
22,978
22,978
22,978
22,978
22,978
22,978
22,978
22,978
22,978
22,978
22,978
22,978
22,978
22,978
22,978
22,978
22,978
22,978
22,978
22,978
22,978
22,978
22,978
22,978
22,978
22,978
22,978
22,978
22,978
22,978
22,978
22,978
22,978
22,978
22,978
22,978
22,978
22,978
22,978
22,978
22,978
22,978
22,978
22,978
22,978
22,978
22,978
22,978
22,978
22,978
22,978
22,978
22,978
22,978
22,978
22,978
22,978
22,978
22,978
22,978
22,978
22,978
22,978
22,978
22,978
22,978
22,978
22,978
22,978
22,978
22,978
22,978
22,978
22,978
22,978
22,978
22,978
22,978
22,978
22,978
22,978
22,978
22,978
22,978
22,978
22,978
22,978
22,978
22,978
22,978
22,978
22,978
22,978
22,978
22,978
22,978
22,978
22,978
22,978
22,978
22,978
22,978
22,978
22,978
22,978
22,978
22,978
22,978
22,978
22,978
22,978
22,978
22,978
22,978
22,978
22,978
22,978
22,978
22,978
22,978
22,978
22,978
22,978
22,978
21,979
21,979
21,979
21,979
21,979
21,979
21,979
21,979
21,979
21,979
21,979
21,979
21,979
21,979
21,979
21,979
21,979
21,979
21,979
21,979
21,979
21,979
21,979
21,979
21,979
21,979
21,979
21,979
21,979
21,979
21,979
21,979
21,979
21,979
21,979
21,979
21,979
21,979
21,979
21,979
21,979
21,979
21,979
21,979
21,979
21,979
21,979
21,979
21,979
21,979
21,979
21,979
21,979
21,979
21,979
21,979
21,979
21,979
21,979
21,979
21,979
21,979
21,979
21,979
21,979
21,979
21,979
21,979
21,979
21,979
21,979
21,979
21,979
21,979
21,979
21,979
20,980
20,980
20,980
20,980
20,980
20,980
20,980
20,980
20,980
20,980
20,980
20,980
20,980
20,980
20,980
20,980
20,980
20,980
20,980
20,980
20,980
20,980
20,980
20,980
20,980
20,980
20,980
20,980
20,980
20,980
20,980
20,980
20,980
20,980
20,980
20,980
20,980
20,980
20,980
20,980
20,980
20,980
20,980
20,980
20,980
20,980
20,980
20,980
20,980
20,980
20,980
20,980
20,980
20,980
20,980
20,980
20,980
20,980
20,980
20,980
20,980
20,980
20,980
20,980
20,980
20,980
20,980
20,980
20,980
20,980
20,980
20,980
20,980
20,980
20,980
20,980
20,980
20,980
20,980
20,980
20,980
20,980
20,980
20,980
20,980
20,980
20,980
20,980
20,980
20,980
20,980
20,980
20,980
20,980
20,980
20,980
20,980
20,980
20,980
20,980
20,980
20,980
20,980
20,980
19,981
19,981
19,981
19,981
19,981
18,982
18,982
18,982
18,982
18,982
18,982
18,982
18,982
18,982
18,982
18,982
18,982
18,982
18,982
18,982
18,982
18,982
18,982
18,982
18,982
18,982
18,982
18,982
18,982
18,982
18,982
18,982
18,982
18,982
18,982
18,982
18,982
18,982
18,982
18,982
18,982
18,982
18,982
18,982
18,982
18,982
18,982
18,982
17,983
17,983
17,983
17,983
17,983
17,983
17,983
17,983
17,983
17,983
17,983
17,983
17,983
17,983
17,983
17,983
17,983
17,983
17,983
17,983
17,983
17,983
17,983
17,983
17,983
17,983
17,983
17,983
17,983
17,983
17,983
17,983
17,983
17,983
17,983
17,983
17,983
17,983
17,983
17,983
17,983
17,983
17,983
17,983
17,983
17,983
17,983
17,983
17,983
17,983
17,983
17,983
17,983
17,983
17,983
17,983
17,983
17,983
17,983
17,983
17,983
17,983
17,983
17,983
17,983
17,983
17,983
17,983
17,983
17,983
17,983
17,983
17,983
17,983
17,983
17,983
17,983
17,983
17,983
17,983
17,983
17,983
17,983
17,983
17,983
17,983
17,983
17,983
17,983
17,983
17,983
17,983
17,983
17,983
17,983
17,983
17,983
17,983
17,983
16,984
16,984
16,984
16,984
16,984
16,984
16,984
16,984
16,984
16,984
16,984
16,984
16,984
16,984
16,984
16,984
16,984
16,984
16,984
16,984
16,984
16,984
16,984
16,984
16,984
16,984
16,984
16,984
16,984
16,984
16,984
16,984
16,984
16,984
16,984
16,984
16,984
16,984
16,984
16,984
16,984
16,984
16,984
16,984
16,984
16,984
16,984
16,984
16,984
16,984
16,984
16,984
16,984
16,984
16,984
16,984
16,984
16,984
16,984
15,985
15,985
15,985
15,985
15,985
15,985
15,985
15,985
15,985
15,985
15,985
15,985
15,985
15,985
15,985
15,985
15,985
15,985
15,985
15,985
15,985
15,985
15,985
15,985
15,985
15,985
15,985
15,985
15,985
15,985
15,985
15,985
15,985
15,985
15,985
15,985
15,985
15,985
15,985
15,985
15,985
15,985
15,985
15,985
15,985
15,985
15,985
15,985
15,985
15,985
15,985
15,985
15,985
15,985
15,985
15,985
15,985
15,985
15,985
15,985
15,985
15,985
15,985
15,985
15,985
15,985
15,985
15,985
15,985
15,985
15,985
15,985
15,985
15,985
15,985
15,985
15,985
15,985
15,985
15,985
15,985
15,985
15,985
15,985
15,985
15,985
15,985
15,985
15,985
15,985
15,985
15,985
15,985
15,985
15,985
15,985
15,985
15,985
15,985
15,985
15,985
15,985
15,985
15,985
15,985
15,985
15,985
15,985
15,985
15,985
15,985
15,985
15,985
15,985
15,985
15,985
15,985
15,985
15,985
15,985
15,985
15,985
15,985
15,985
15,985
14,986
14,986
14,986
14,986
14,986
14,986
14,986
14,986
14,986
14,986
14,986
14,986
14,986
14,986
14,986
14,986
14,986
14,986
14,986
14,986
14,986
14,986
14,986
14,986
14,986
14,986
14,986
14,986
14,986
14,986
14,986
14,986
14,986
14,986
14,986
14,986
14,986
13,987
13,987
13,987
13,987
13,987
13,987
13,987
12,988
12,988
12,988
12,988
12,988
12,988
12,988
12,988
12,988
12,988
12,988
12,988
12,988
12,988
12,988
12,988
12,988
12,988
12,988
12,988
12,988
12,988
12,988
12,988
12,988
12,988
12,988
12,988
12,988
12,988
12,988
12,988
12,988
12,988
12,988
12,988
12,988
12,988
12,988
12,988
12,988
12,988
12,988
12,988
12,988
12,988
12,988
12,988
12,988
12,988
12,988
12,988
12,988
12,988
12,988
12,988
12,988
12,988
12,988
12,988
12,988
12,988
12,988
12,988
12,988
12,988
12,988
12,988
12,988
12,988
12,988
12,988
12,988
12,988
12,988
12,988
12,988
12,988
12,988
12,988
12,988
12,988
12,988
12,988
12,988
12,988
12,988
12,988
12,988
12,988
12,988
12,988
12,988
12,988
12,988
12,988
12,988
12,988
12,988
12,988
12,988
12,988
12,988
12,988
12,988
12,988
12,988
12,988
12,988
12,988
12,988
12,988
12,988
12,988
12,988
12,988
12,988
12,988
12,988
12,988
12,988
12,988
12,988
12,988
12,988
12,988
12,988
12,988
12,988
12,988
12,988
12,988
12,988
12,988
12,988
12,988
12,988
12,988
12,988
12,988
12,988
12,988
12,988
12,988
12,988
12,988
12,988
12,988
12,988
12,988
12,988
12,988
12,988
12,988
12,988
12,988
12,988
12,988
12,988
12,988
12,988
12,988
12,988
12,988
12,988
12,988
12,988
12,988
12,988
12,988
12,988
12,988
12,988
12,988
12,988
12,988
12,988
12,988
12,988
12,988
12,988
12,988
12,988
12,988
12,988
12,988
12,988
12,988
12,988
12,988
12,988
12,988
12,988
12,988
12,988
12,988
12,988
12,988
12,988
12,988
12,988
12,988
12,988
12,988
12,988
12,988
12,988
12,988
12,988
12,988
12,988
12,988
12,988
12,988
12,988
12,988
12,988
12,988
12,988
12,988
12,988
12,988
12,988
12,988
12,988
12,988
12,988
12,988
12,988
12,988
12,988
12,988
12,988
12,988
12,988
12,988
12,988
12,988
12,988
12,988
12,988
12,988
12,988
12,988
12,988
12,988
12,988
12,988
12,988
12,988
12,988
12,988
12,988
12,988
12,988
12,988
12,988
12,988
12,988
12,988
12,988
12,988
12,988
12,988
12,988
12,988
12,988
12,988
12,988
12,988
12,988
12,988
12,988
12,988
12,988
12,988
12,988
12,988
12,988
12,988
12,988
12,988
12,988
12,988
12,988
12,988
12,988
12,988
12,988
12,988
12,988
12,988
12,988
12,988
12,988
12,988
12,988
12,988
12,988
12,988
12,988
12,988
12,988
12,988
12,988
12,988
12,988
12,988
12,988
12,988
12,988
12,988
12,988
12,988
12,988
12,988
12,988
12,988
12,988
12,988
12,988
12,988
12,988
12,988
12,988
12,988
12,988
12,988
12,988
12,988
12,988
12,988
12,988
12,988
12,988
12,988
12,988
12,988
12,988
12,988
12,988
12,988
12,988
12,988
12,988
12,988
12,988
12,988
12,988
12,988
12,988
12,988
12,988
12,988
12,988
12,988
12,988
12,988
12,988
12,988
12,988
12,988
12,988
12,988
12,988
12,988
12,988
12,988
12,988
12,988
12,988
12,988
12,988
12,988
12,988
12,988
12,988
12,988
12,988
12,988
12,988
12,988
12,988
12,988
12,988
12,988
12,988
12,988
12,988
12,988
12,988
12,988
12,988
12,988
12,988
12,988
12,988
12,988
12,988
12,988
12,988
12,988
12,988
12,988
12,988
12,988
12,988
12,988
12,988
12,988
12,988
12,988
12,988
12,988
12,988
12,988
12,988
12,988
12,988
12,988
12,988
12,988
12,988
12,988
12,988
12,988
12,988
12,988
12,988
12,988
12,988
12,988
12,988
12,988
12,988
12,988
12,988
12,988
12,988
12,988
12,988
12,988
12,988
12,988
12,988
12,988
12,988
12,988
12,988
12,988
12,988
12,988
12,988
12,988
12,988
12,988
12,988
12,988
12,988
12,988
12,988
12,988
12,988
12,988
12,988
12,988
12,988
12,988
12,988
12,988
12,988
12,988
12,988
12,988
12,988
12,988
12,988
12,988
12,988
12,988
12,988
12,988
11,989
11,989
11,989
11,989
11,989
11,989
11,989
11,989
11,989
11,989
11,989
11,989
11,989
11,989
11,989
11,989
11,989
11,989
11,989
11,989
11,989
11,989
11,989
11,989
11,989
11,989
11,989
11,989
11,989
11,989
11,989
11,989
11,989
11,989
11,989
11,989
11,989
11,989
11,989
11,989
11,989
11,989
11,989
11,989
11,989
11,989
11,989
11,989
11,989
11,989
11,989
11,989
11,989
11,989
11,989
11,989
11,989
11,989
11,989
11,989
11,989
11,989
11,989
11,989
11,989
11,989
11,989
11,989
11,989
11,989
11,989
11,989
11,989
11,989
11,989
11,989
11,989
11,989
11,989
11,989
11,989
11,989
11,989
11,989
11,989
11,989
11,989
11,989
11,989
11,989
11,989
11,989
11,989
11,989
11,989
11,989
11,989
11,989
11,989
11,989
11,989
11,989
11,989
11,989
11,989
11,989
11,989
11,989
11,989
11,989
11,989
11,989
11,989
11,989
11,989
11,989
11,989
11,989
11,989
11,989
11,989
11,989
11,989
11,989
11,989
11,989
11,989
11,989
10,990
10,990
10,990
10,990
10,990
10,990
10,990
10,990
10,990
10,990
10,990
10,990
10,990
9,991
9,991
9,991
9,991
9,991
9,991
9,991
9,991
8,992
8,992
8,992
8,992
8,992
8,992
8,992
8,992
8,992
8,992
8,992
8,992
8,992
8,992
8,992
8,992
8,992
8,992
8,992
8,992
8,992
8,992
8,992
8,992
8,992
8,992
8,992
8,992
8,992
8,992
8,992
8,992
8,992
8,992
8,992
8,992
8,992
8,992
8,992
8,992
8,992
8,992
8,992
8,992
8,992
8,992
8,992
8,992
8,992
8,992
8,992
8,992
8,992
8,992
8,992
8,992
8,992
8,992
8,992
8,992
8,992
8,992
8,992
8,992
8,992
8,992
8,992
8,992
8,992
8,992
8,992
8,992
8,992
8,992
8,992
8,992
8,992
8,992
8,992
8,992
8,992
8,992
8,992
8,992
8,992
8,992
8,992
8,992
8,992
8,992
8,992
8,992
8,992
8,992
8,992
8,992
8,992
8,992
8,992
8,992
8,992
8,992
8,992
8,992
8,992
8,992
8,992
8,992
8,992
8,992
8,992
8,992
8,992
8,992
8,992
8,992
8,992
8,992
8,992
8,992
8,992
8,992
8,992
8,992
8,992
8,992
8,992
8,992
8,992
8,992
8,992
8,992
8,992
8,992
8,992
8,992
8,992
8,992
8,992
8,992
8,992
8,992
8,992
8,992
8,992
8,992
8,992
8,992
8,992
8,992
8,992
8,992
7,993
7,993
7,993
7,993
7,993
7,993
7,993
7,993
7,993
7,993
7,993
7,993
7,993
7,993
7,993
7,993
7,993
7,993
7,993
7,993
7,993
7,993
7,993
7,993
7,993
7,993
7,993
7,993
7,993
7,993
7,993
7,993
7,993
7,993
7,993
7,993
7,993
7,993
7,993
7,993
7,993
7,993
7,993
7,993
7,993
7,993
7,993
7,993
7,993
7,993
7,993
7,993
7,993
7,993
7,993
7,993
7,993
7,993
7,993
7,993
7,993
7,993
7,993
7,993
7,993
7,993
7,993
7,993
7,993
7,993
7,993
7,993
7,993
7,993
7,993
7,993
7,993
7,993
7,993
7,993
7,993
7,993
7,993
7,993
7,993
7,993
7,993
7,993
7,993
7,993
7,993
7,993
7,993
7,993
7,993
7,993
7,993
7,993
7,993
7,993
7,993
7,993
7,993
7,993
7,993
7,993
7,993
7,993
7,993
7,993
7,993
7,993
7,993
7,993
7,993
7,993
7,993
7,993
7,993
7,993
7,993
7,993
7,993
7,993
7,993
7,993
7,993
7,993
7,993
7,993
7,993
7,993
7,993
7,993
7,993
7,993
7,993
7,993
7,993
7,993
7,993
7,993
7,993
7,993
7,993
7,993
7,993
7,993
7,993
7,993
7,993
7,993
7,993
7,993
7,993
7,993
7,993
7,993
7,993
7,993
7,993
7,993
7,993
7,993
7,993
7,993
7,993
7,993
7,993
7,993
7,993
7,993
7,993
7,993
7,993
7,993
7,993
7,993
7,993
7,993
7,993
7,993
7,993
7,993
7,993
7,993
7,993
7,993
7,993
7,993
7,993
7,993
7,993
7,993
7,993
7,993
7,993
7,993
7,993
7,993
7,993
7,993
7,993
7,993
7,993
7,993
7,993
7,993
7,993
7,993
7,993
7,993
7,993
7,993
7,993
7,993
7,993
7,993
7,993
7,993
6,994
6,994
6,994
6,994
6,994
6,994
6,994
6,994
6,994
6,994
6,994
6,994
6,994
6,994
6,994
6,994
6,994
6,994
6,994
6,994
6,994
6,994
6,994
6,994
6,994
6,994
6,994
6,994
6,994
6,994
6,994
6,994
6,994
6,994
6,994
6,994
6,994
6,994
6,994
6,994
6,994
6,994
6,994
6,994
6,994
6,994
6,994
6,994
6,994
6,994
6,994
6,994
6,994
6,994
6,994
6,994
6,994
6,994
6,994
6,994
6,994
6,994
6,994
6,994
6,994
6,994
6,994
6,994
6,994
6,994
6,994
6,994
6,994
6,994
6,994
6,994
6,994
6,994
6,994
6,994
6,994
6,994
6,994
6,994
6,994
6,994
6,994
6,994
6,994
6,994
6,994
6,994
6,994
6,994
6,994
6,994
6,994
6,994
6,994
6,994
6,994
6,994
6,994
6,994
6,994
6,994
6,994
6,994
6,994
6,994
6,994
6,994
6,994
6,994
6,994
6,994
6,994
6,994
6,994
6,994
6,994
6,994
6,994
6,994
6,994
6,994
6,994
6,994
6,994
6,994
6,994
6,994
6,994
6,994
6,994
6,994
6,994
6,994
6,994
6,994
6,994
6,994
6,994
6,994
6,994
6,994
6,994
6,994
6,994
6,994
6,994
6,994
6,994
6,994
6,994
6,994
6,994
6,994
6,994
6,994
6,994
6,994
6,994
6,994
6,994
6,994
6,994
6,994
6,994
6,994
6,994
6,994
6,994
6,994
6,994
6,994
6,994
6,994
6,994
6,994
6,994
6,994
6,994
6,994
6,994
6,994
6,994
6,994
6,994
6,994
6,994
6,994
6,994
6,994
6,994
6,994
6,994
6,994
6,994
6,994
6,994
6,994
6,994
6,994
6,994
6,994
6,994
6,994
6,994
6,994
6,994
6,994
6,994
6,994
6,994
6,994
6,994
6,994
6,994
6,994
6,994
6,994
6,994
6,994
6,994
6,994
6,994
6,994
6,994
6,994
6,994
6,994
6,994
6,994
6,994
6,994
6,994
6,994
6,994
6,994
6,994
6,994
6,994
6,994
6,994
6,994
6,994
6,994
6,994
6,994
6,994
6,994
6,994
6,994
6,994
6,994
6,994
6,994
6,994
6,994
6,994
6,994
6,994
6,994
6,994
6,994
6,994
6,994
6,994
6,994
6,994
6,994
6,994
6,994
6,994
6,994
6,994
6,994
6,994
6,994
6,994
6,994
6,994
6,994
5,995
5,995
5,995
5,995
5,995
5,995
5,995
5,995
5,995
5,995
5,995
5,995
5,995
5,995
5,995
5,995
5,995
5,995
5,995
5,995
5,995
5,995
5,995
5,995
5,995
5,995
5,995
5,995
5,995
5,995
5,995
5,995
5,995
5,995
5,995
5,995
5,995
5,995
5,995
5,995
4,996
4,996
4,996
4,996
3,997
3,997
3,997
3,997
3,997
3,997
3,997
3,997
3,997
3,997
3,997
3,997
3,997
3,997
3,997
3,997
3,997
3,997
3,997
3,997
3,997
3,997
3,997
3,997
3,997
3,997
3,997
3,997
3,997
3,997
3,997
3,997
3,997
3,997
3,997
3,997
3,997
3,997
3,997
3,997
3,997
3,997
3,997
3,997
3,997
3,997
3,997
3,997
3,997
3,997
3,997
3,997
3,997
3,997
3,997
3,997
3,997
3,997
3,997
3,997
3,997
3,997
3,997
3,997
3,997
3,997
3,997
3,997
3,997
3,997
3,997
3,997
3,997
3,997
3,997
3,997
3,997
3,997
3,997
3,997
3,997
3,997
3,997
3,997
3,997
3,997
3,997
3,997
3,997
3,997
3,997
3,997
3,997
3,997
3,997
3,997
3,997
3,997
3,997
3,997
3,997
3,997
3,997
3,997
3,997
3,997
3,997
3,997
3,997
3,997
3,997
3,997
3,997
3,997
3,997
3,997
3,997
3,997
3,997
3,997
3,997
3,997
3,997
3,997
3,997
3,997
3,997
3,997
3,997
3,997
3,997
3,997
3,997
3,997
3,997
3,997
3,997
3,997
3,997
3,997
3,997
3,997
3,997
3,997
3,997
3,997
3,997
3,997
3,997
3,997
3,997
3,997
3,997
3,997
3,997
3,997
3,997
3,997
3,997
3,997
3,997
3,997
3,997
3,997
3,997
3,997
3,997
3,997
3,997
3,997
3,997
3,997
3,997
3,997
3,997
3,997
3,997
3,997
3,997
3,997
3,997
3,997
3,997
3,997
3,997
3,997
3,997
3,997
3,997
3,997
3,997
3,997
3,997
3,997
3,997
3,997
3,997
3,997
3,997
3,997
3,997
3,997
3,997
3,997
3,997
3,997
3,997
3,997
3,997
3,997
3,997
3,997
3,997
3,997
3,997
3,997
3,997
3,997
3,997
3,997
3,997
3,997
3,997
3,997
3,997
3,997
3,997
3,997
3,997
3,997
3,997
3,997
3,997
3,997
3,997
3,997
3,997
3,997
3,997
3,997
3,997
3,997
3,997
3,997
3,997
3,997
3,997
3,997
3,997
3,997
3,997
3,997
3,997
3,997
3,997
3,997
3,997
3,997
3,997
3,997
3,997
3,997
3,997
3,997
3,997
3,997
3,997
3,997
3,997
3,997
3,997
3,997
3,997
3,997
3,997
3,997
3,997
3,997
3,997
3,997
3,997
3,997
3,997
3,997
3,997
3,997
2,998
2,998
2,998
2,998
2,998
2,998
2,998
2,998
2,998
2,998
2,998
2,998
2,998
2,998
2,998
2,998
2,998
2,998
2,998
2,998
2,998
2,998
2,998
2,998
2,998
2,998
2,998
2,998
2,998
2,998
2,998
2,998
2,998
2,998
2,998
2,998
2,998
2,998
2,998
2,998
2,998
2,998
2,998
2,998
2,998
2,998
2,998
2,998
2,998
2,998
2,998
2,998
2,998
2,998
2,998
2,998
2,998
2,998
2,998
2,998
2,998
2,998
2,998
2,998
2,998
2,998
2,998
2,998
2,998
2,998
2,998
2,998
2,998
2,998
2,998
2,998
2,998
2,998
2,998
2,998
2,998
2,998
2,998
2,998
2,998
2,998
2,998
2,998
2,998
2,998
2,998
2,998
2,998
2,998
2,998
2,998
2,998
2,998
1,999
1,999
1,999
1,999
1,999
1,999
1,999
1,999
1,999
1,999
1,999
1,999
1,999
1,999
1,999
1,999
1,999
1,999
1,999
1,999
1,999
1,999
1,999
1,999
1,999
1,999
1,999
1,999
1,999
1,999
1,999
1,999
1,999
1,999
1,999
1,999
1,999
1,999
1,999
1,999
1,999
1,999
1,999
1,999
1,999
1,999
1,999
1,999
1,999
1,999
1,999
1,999
1,999
1,999
1,999
1,999
1,999
1,999
1,999
1,999
1,999
1,999
1,999
1,999
1,999
1,999
1,999
1,999
1,999
1,999
1,999
1,999
1,999
1,999
1,999
1,999
1,999
1,999
1,999
1,999
1,999
1,999
1,999
1,999
1,999
1,999
1,999
1,999
1,999
1,999
1,999
1,999
1,999
1,999
1,999
1,999
1,999
1,999
1,999
1,999
1,999
1,999
1,999
1,999
1,999
1,999
1,999
1,999
1,999
1,999
1,999
1,999
1,999
1,999
1,999
1,999
1,999
1,999
1,999
1,999
1,999
1,999
1,999
1,999
1,999
1,999
1,999
1,999
1,999
1,999
1,999
1,999
1,999
1,999
1,999
1,999
1,999
1,999
1,999
1,999
1,999
1,999
1,999
1,999
1,999
1,999
1,999
1,999
1,999
1,999
1,999
1,999
1,999
1,999
1,999
1,999
1,999
1,999
1,999
1,999
1,999
1,999
1,999
1,999
1,999
1,999
1,999
1,999
1,999
1,999
1,999
1,999
1,999
1,999
1,999
1,999
1,999
1,999
1,999
1,999
1,999
1,999
1,999
1,999
1,999
1,999
1,999
1,999
1,999
1,999
1,999
1,999
1,999
1,999
1,999
1,999
1,999
1,999
1,999
1,999
1,999
1,999
1,999
1,999
1,999
1,999
1,999
1,999
1,999
1,999
1,999
1,999
1,999
1,999
1,999
1,999
1,999
1,999
1,999
1,999
1,999
1,999
1,999
1,999
1,999
1,999
1,999
1,999
1,999
1,999
1,999
1,999
1,999
1,999
1,999
1,999
1,999
1,999
1,999
1,999
1,999
1,999
1,999
1,999
1,999
1,999
1,999
1,999
1,999
1,999
1,999
1,999
1,999
1,999
1,999
1,999
1,999
1,999
1,999
1,999
1,999
1,999
1,999
1,999
1,999
1,999
1,999
1,999
1,999
1,999
1,999
1,999
1,999
1,999
1,999
1,999
1,999
1,999
1,999
1,999
1,999
1,999
1,999
1,999
1,999
1,999
1,999
1,999
1,999
1,999
1,999
1,999
1,999
1,999
1,999
1,999
1,999
1,999
1,999
1,999
1,999
1,999
1,999
1,999
1,999
1,999
1,999
1,999
1,999
1,999
1,999
1,999
1,999
1,999
1,999
1,999
1,999
1,999
1,999
1,999
1,999
1,999
1,999
1,999
1,999
1,999
1,999
1,999
1,999
1,999
1,999
1,999
1,999
1,999
1,999
1,999
1,999
1,999
1,999
1,999
1,999
1,999
1,999
1,999
1,999
1,999
1,999
1,999
1,999
1,999
1,999
1,999
1,999
1,999
1,999
1,999
1,999
1,999
1,999
1,999
1,999
1,999
1,999
1,999
1,999
1,999
1,999
1,999
1,999
1,999
1,999
1,999
1,999
1,999
1,999
1,999
1,999
1,999
1,999
1,999
1,999
1,999
1,999
1,999
1,999
1,999
1,999
1,999
1,999
1,999
1,999
1,999
1,999
1,999
1,999
1,999
1,999
1,999
1,999
1,999
1,999
1,999
1,999
1,999
1,999
1,999
1,999
1,999
1,999
1,999
1,999
0,1000
0,1000
0,1000
0,1000
0,1000
0,1000
0,1000
0,1000
0,1000
0,1000
0,1000
0,1000
0,1000
0,1000
0,1000
0,1000
0,1000
0,1000
0,1000
0,1000
0,1000
0,1000
0,1000
0,1000
0,1000
0,1000
0,1000
0,1000
0,1000
0,1000
0,1000
0,1000
0,1000
0,1000
0,1000
0,1000
0,1000
0,1000
0,1000
0,1000
0,1000
0,1000
0,1000
0,1000
0,1000
0,1000
0,1000
0,1000
0,1000
0,1000
0,1000
0,1000
0,1000
0,1000
0,1000
0,1000
0,1000
0,1000
0,1000
0,1000
0,1000
0,1000
0,1000
0,1000
0,1000
0,1000
0,1000
0,1000
0,1000
0,1000
0,1000
0,1000
0,1000
0,1000
0,1000
0,1000
0,1000
0,1000
0,1000
0,1000
0,1000
0,1000
0,1000
0,1000
0,1000
0,1000
0,1000
0,1000
0,1000
0,1000
0,1000
0,1000
0,1000
0,1000
0,1000
0,1000
0,1000
0,1000
0,1000
0,1000
0,1000
0,1000
0,1000
0,1000
0,1000
0,1000
0,1000
0,1000
0,1000
0,1000
0,1000
0,1000
0,1000
0,1000
0,1000
0,1000
0,1000
0,1000
0,1000
0,1000
0,1000
0,1000
0,1000
0,1000
0,1000
0,1000
0,1000
0,1000
0,1000
0,1000
0,1000
0,1000
0,1000
0,1000
0,1000
0,1000
0,1000
0,1000
0,1000
0,1000
0,1000
0,1000
0,1000
0,1000
0,1000
0,1000
0,1000
0,1000
0,1000
0,1000
0,1000
0,1000
0,1000
0,1000
0,1000
0,1000
0,1000
0,1000
0,1000
0,1000
0,1000
0,1000
0,1000
0,1000
0,1000
0,1000
0,1000
0,1000
0,1000
0,1000
0,1000
0,1000
0,1000
0,1000
0,1000
0,1000
0,1000
0,1000
0,1000
0,1000
0,1000
0,1000
0,1000
0,1000
0,1000
0,1000
0,1000
0,1000
0,1000
0,1000
0,1000
0,1000
0,1000
0,1000
0,1000
0,1000
0,1000
0,1000
0,1000
0,1000
0,1000
0,1000
0,1000
0,1000
0,1000
0,1000
0,1000
0,1000
0,1000
0,1000
0,1000
0,1000
0,1000
0,1000
0,1000
0,1000
0,1000
0,1000
0,1000
0,1000
0,1000
0,1000
0,1000
0,1000
0,1000
0,1000
0,1000
0,1000
0,1000
0,1000
0,1000
0,1000
0,1000
0,1000
0,1000
0,1000
0,1000
0,1000
0,1000
0,1000
0,1000
0,1000
0,1000
0,1000
0,1000
0,1000
0,1000
0,1000
0,1000
0,1000
0,1000
0,1000
0,1000
0,1000
0,1000
0,1000
0,1000
0,1000
0,1000
0,1000
0,1000
0,1000
0,1000
0,1000
0,1000
0,1000
0,1000
0,1000
0,1000
0,1000
0,1000
0,1000
0,1000
0,1000
0,1000
0,1000
0,1000
0,1000
0,1000
0,1000
0,1000
0,1000
0,1000
0,1000
0,1000
0,1000
0,1000
0,1000
0,1000
0,1000
0,1000
0,1000
0,1000
0,1000
0,1000
0,1000
0,1000
0,1000
0,1000
0,1000
0,1000
0,1000
0,1000
0,1000
0,1000
0,1000
0,1000
0,1000
0,1000
0,1000
0,1000
0,1000
0,1000
0,1000
0,1000
0,1000
0,1000
0,1000
0,1000
0,1000
0,1000
0,1000
0,1000
0,1000
0,1000
0,1000
0,1000
0,1000
0,1000
0,1000
0,1000
0,1000
0,1000
0,1000
0,1000
0,1000
0,1000
0,1000
0,1000
0,1000
0,1000
0,1000
0,1000
0,1000
0,1000
0,1000
0,1000
0,1000
0,1000
0,1000
0,1000
0,1000
0,1000
0,1000
0,1000
0,1000
0,1000
0,1000
0,1000
0,1000
0,1000
0,1000
0,1000
0,1000
0,1000
0,1000
0,1000
0,1000
0,1000
0,1000
0,1000
0,1000
0,1000
0,1000
0,1000
0,1000
0,1000
0,1000
0,1000
0,1000
0,1000
0,1000
0,1000
0,1000
0,1000
0,1000
0,1000
0,1000
0,1000
0,1000
0,1000
0,1000
0,1000
0,1000
0,1000
0,1000
0,1000
0,1000
0,1000
0,1000
0,1000
0,1000
0,1000
0,1000
0,1000
0,1000
0,1000
0,1000
0,1000
0,1000
0,1000
0,1000
0,1000
0,1000
0,1000
0,1000
0,1000
0,1000
0,1000
0,1000
0,1000
0,1000
0,1000
0,1000
0,1000
0,1000
0,1000
0,1000
0,1000
0,1000
0,1000
0,1000
0,1000
0,1000
0,1000
0,1000
0,1000
0,1000
0,1000
0,1000
0,1000
0,1000
0,1000
0,1000
0,1000
0,1000
0,1000
0,1000
0,1000
0,1000
0,1000
0,1000
0,1000
0,1000
0,1000
0,1000
0,1000
0,1000
0,1000
0,1000
0,1000
0,1000
0,1000
0,1000
0,1000
0,1000
0,1000
0,1000
0,1000
0,1000
0,1000
0,1000
0,1000
0,1000
0,1000
0,1000
0,1000
0,1000
0,1000
0,1000
0,1000
0,1000
0,1000
0,1000
0,1000
0,1000
0,1000
0,1000
0,1000
0,1000
0,1000
0,1000
0,1000
0,1000
0,1000
0,1000
0,1000
0,1000
0,1000
0,1000
0,1000
0,1000
0,1000
0,1000
0,1000
0,1000
0,1000
0,1000
0,1000
0,1000
0,1000
0,1000
0,1000
0,1000
0,1000
0,1000
0,1000
0,1000
0,1000
0,1000
0,1000
0,1000
0,1000
0,1000
0,1000
0,1000
0,1000
0,1000
0,1000
0,1000
0,1000
0,1000
0,1000
0,1000
0,1000
0,1000
0,1000
0,1000
0,1000
0,1000
0,1000
0,1000
0,1000
0,1000
0,1000
0,1000
0,1000
0,1000
0,1000
0,1000
0,1000
0,1000
0,1000
0,1000
0,1000
0,1000
0,1000
0,1000
0,1000
0,1000
0,1000
0,1000
0,1000
0,1000
0,1000
0,1000
0,1000
0,1000
0,1000
0,1000
0,1000
0,1000
0,1000
0,1000
0,1000
0,1000
0,1000
0,1000
0,1000
0,1000
0,1000
0,1000
0,1000
0,1000
0,1000
0,1000
0,1000
0,1000
0,1000
0,1000
0,1000
0,1000
0,1000
0,1000
0,1000
0,1000
0,1000
0,1000
0,1000
0,1000
0,1000
0,1000
0,1000
0,1000
0,1000
0,1000
0,1000
0,1000
0,1000
0,1000
0,1000
0,1000
0,1000
0,1000
0,1000
0,1000
0,1000
0,1000
0,1000
0,1000
0,1000
0,1000
0,1000
0,1000
0,1000
0,1000
0,1000
0,1000
0,1000
0,1000
0,1000
0,1000
0,1000
0,1000
0,1000
0,1000
0,1000
0,1000
0,1000
0,1000
0,1000
0,1000
0,1000
0,1000
0,1000
0,1000
0,1000
0,1000
0,1000
0,1000
0,1000
0,1000
0,1000
0,1000
0,1000
0,1000
0,1000
0,1000
0,1000
0,1000
0,1000
0,1000
0,1000
0,1000
0,1000
0,1000
0,1000
0,1000
0,1000
0,1000
0,1000
0,1000
0,1000
0,1000
0,1000
0,1000
0,1000
0,1000
0,1000
0,1000
0,1000
0,1000
0,1000
0,1000
0,1000
0,1000
0,1000
0,1000
0,1000
0,1000
0,1000
0,1000
0,1000
0,1000
0,1000
0,1000
0,1000
0,1000
0,1000
0,1000
0,1000
0,1000
0,1000
0,1000
0,1000
0,1000
0,1000
0,1000
0,1000
0,1000
0,1000
0,1000
0,1000
0,1000
0,1000
0,1000
0,1000
0,1000
0,1000
0,1000
0,1000
0,1000
0,1000
0,1000
0,1000
0,1000
0,1000
0,1000
0,1000
0,1000
0,1000
0,1000
0,1000
0,1000
0,1000
0,1000
0,1000
0,1000
0,1000
0,1000
0,1000
0,1000
0,1000
0,1000
0,1000
0,1000
0,1000
0,1000
0,1000
0,1000
0,1000
0,1000
0,1000
0,1000
0,1000
0,1000
0,1000
0,1000
0,1000
0,1000
0,1000
0,1000
0,1000
0,1000
0,1000
0,1000
0,1000
0,1000
0,1000
0,1000
0,1000
0,1000
0,1000
0,1000
0,1000
0,1000
0,1000
0,1000
0,1000
0,1000
0,1000
0,1000
0,1000
0,1000
0,1000
0,1000
0,1000
0,1000
0,1000
0,1000
0,1000
0,1000
0,1000
0,1000
0,1000
0,1000
0,1000
0,1000
0,1000
0,1000
0,1000
0,1000
0,1000
0,1000
0,1000
0,1000
0,1000
0,1000
0,1000
0,1000
0,1000
0,1000
0,1000
0,1000
0,1000
0,1000
0,1000
0,1000
0,1000
0,1000
0,1000
0,1000
0,1000
0,1000
0,1000
0,1000
0,1000
0,1000
0,1000
0,1000
0,1000
0,1000
0,1000
0,1000
0,1000
0,1000
0,1000
0,1000
0,1000
0,1000
0,1000
0,1000
0,1000
0,1000
0,1000
0,1000
0,1000
0,1000
0,1000
0,1000
0,1000
0,1000
0,1000
0,1000
0,1000
0,1000
0,1000
0,1000
0,1000
0,1000
0,1000
0,1000
0,1000
0,1000
0,1000
0,1000
0,1000
0,1000
0,1000
0,1000
0,1000
0,1000
0,1000
0,1000
0,1000
0,1000
0,1000
0,1000
0,1000
0,1000
0,1000
0,1000
0,1000
0,1000
0,1000
0,1000
0,1000
0,1000
0,1000
0,1000
0,1000
0,1000
0,1000
0,1000
0,1000
0,1000
0,1000
0,1000
0,1000
0,1000
0,1000
0,1000
0,1000
0,1000
0,1000
0,1000
0,1000
0,1000
0,1000
0,1000
0,1000
0,1000
0,1000
0,1000
0,1000
0,1000
0,1000
0,1000
0,1000
0,1000
0,1000
0,1000
0,1000
0,1000
0,1000
0,1000
0,1000
0,1000
0,1000
0,1000
0,1000
0,1000
0,1000
0,1000
0,1000
0,1000
0,1000
0,1000
0,1000
0,1000
0,1000
0,1000
0,1000
0,1000
0,1000
0,1000
0,1000
0,1000
0,1000
0,1000
0,1000
0,1000
0,1000
0,1000
0,1000
0,1000
0,1000
0,1000
0,1000
0,1000
0,1000
0,1000
0,1000
0,1000
0,1000
0,1000
0,1000
0,1000
0,1000
0,1000
0,1000
0,1000
0,1000
0,1000
0,1000
0,1000
0,1000
0,1000
0,1000
0,1000
0,1000
0,1000
0,1000
0,1000
0,1000
0,1000
0,1000
0,1000
0,1000
0,1000
0,1000
0,1000
0,1000
0,1000
0,1000
0,1000
0,1000
0,1000
0,1000
0,1000
0,1000
0,1000
0,1000
0,1000
0,1000
0,1000
0,1000
0,1000
0,1000
0,1000
0,1000
0,1000
0,1000
0,1000
0,1000
0,1000
0,1000
0,1000
0,1000
0,1000
0,1000
0,1000
0,1000
0,1000
0,1000
0,1000
0,1000
0,1000
0,1000
0,1000
0,1000
0,1000
0,1000
0,1000
0,1000
0,1000
0,1000
0,1000
0,1000
0,1000
0,1000
0,1000
0,1000
0,1000
0,1000
0,1000
0,1000
0,1000
0,1000
0,1000
0,1000
0,1000
0,1000
0,1000
0,1000
0,1000
0,1000
0,1000
0,1000
0,1000
0,1000
0,1000
0,1000
0,1000
0,1000
0,1000
0,1000
0,1000
0,1000
0,1000
0,1000
0,1000
0,1000
0,1000
0,1000
0,1000
0,1000
0,1000
0,1000
0,1000
0,1000
0,1000
0,1000
0,1000
0,1000
0,1000
0,1000
0,1000
0,1000
0,1000
0,1000
0,1000
0,1000
0,1000
0,1000
0,1000
0,1000
0,1000
0,1000
0,1000
0,1000
0,1000
0,1000
0,1000
0,1000
0,1000
0,1000
0,1000
0,1000
0,1000
0,1000
0,1000
0,1000
0,1000
0,1000
0,1000
0,1000
0,1000
0,1000
0,1000
0,1000
0,1000
0,1000
0,1000
0,1000
0,1000
0,1000
0,1000
0,1000
0,1000
0,1000
0,1000
0,1000
0,1000
0,1000
0,1000
0,1000
0,1000
0,1000
0,1000
0,1000
0,1000
0,1000
0,1000
0,1000
0,1000
0,1000
0,1000
0,1000
0,1000
0,1000
0,1000
0,1000
0,1000
0,1000
0,1000
0,1000
0,1000
0,1000
0,1000
0,1000
0,1000
0,1000
0,1000
0,1000
0,1000
0,1000
0,1000
0,1000
0,1000
0,1000
0,1000
0,1000
0,1000
0,1000
0,1000
0,1000
0,1000
0,1000
0,1000
0,1000
0,1000
0,1000
0,1000
0,1000
0,1000
0,1000
0,1000
0,1000
0,1000
0,1000
0,1000
0,1000
0,1000
0,1000
0,1000
0,1000
0,1000
0,1000
0,1000
0,1000
0,1000
0,1000
0,1000
0,1000
0,1000
0,1000
0,1000
0,1000
0,1000
0,1000
0,1000
0,1000
0,1000
0,1000
0,1000
0,1000
0,1000
0,1000
0,1000
0,1000
0,1000
0,1000
0,1000
0,1000
0,1000
0,1000
0,1000
0,1000
0,1000
0,1000
0,1000
0,1000
0,1000
0,1000
0,1000
0,1000
0,1000
0,1000
0,1000
0,1000
0,1000
0,1000
0,1000
0,1000
0,1000
0,1000
0,1000
0,1000
0,1000
0,1000
0,1000
0,1000
0,1000
0,1000
0,1000
0,1000
0,1000
0,1000
0,1000
0,1000
0,1000
0,1000
0,1000
0,1000
0,1000
0,1000
0,1000
0,1000
0,1000
0,1000
0,1000
0,1000
0,1000
0,1000
0,1000
0,1000
0,1000
0,1000
0,1000
0,1000
0,1000
0,1000
0,1000
0,1000
0,1000
0,1000
0,1000
0,1000
0,1000
0,1000
0,1000
0,1000
0,1000
0,1000
0,1000
0,1000
0,1000
0,1000
0,1000
0,1000
0,1000
0,1000
0,1000
0,1000
0,1000
0,1000
0,1000
0,1000
0,1000
0,1000
0,1000
0,1000
0,1000
0,1000
0,1000
0,1000
0,1000
0,1000
0,1000
0,1000
0,1000
0,1000
0,1000
0,1000
0,1000
0,1000
0,1000
0,1000
0,1000
0,1000
0,1000
0,1000
0,1000
0,1000
0,1000
0,1000
0,1000
0,1000
0,1000
0,1000
0,1000
0,1000
0,1000
0,1000
0,1000
0,1000
0,1000
0,1000
0,1000
0,1000
0,1000
0,1000
0,1000
0,1000
0,1000
0,1000
0,1000
0,1000
0,1000
0,1000
0,1000
0,1000
0,1000
0,1000
0,1000
0,1000
0,1000
0,1000
0,1000
0,1000
0,1000
0,1000
0,1000
0,1000
0,1000
0,1000
0,1000
0,1000
0,1000
0,1000
0,1000
0,1000
0,1000
0,1000
0,1000
0,1000
0,1000
0,1000
0,1000
0,1000
0,1000
0,1000
0,1000
0,1000
0,1000
0,1000
0,1000
0,1000
0,1000
0,1000
0,1000
0,1000
0,1000
0,1000
0,1000
0,1000
0,1000
0,1000
0,1000
0,1000
0,1000
0,1000
0,1000
0,1000
0,1000
0,1000
0,1000
0,1000
0,1000
0,1000
0,1000
0,1000
0,1000
0,1000
0,1000
0,1000
0,1000
0,1000
0,1000
0,1000
0,1000
0,1000
0,1000
0,1000
0,1000
0,1000
0,1000
0,1000
0,1000
0,1000
0,1000
0,1000
0,1000
0,1000
0,1000
0,1000
0,1000
0,1000
0,1000
0,1000
0,1000
0,1000
0,1000
0,1000
0,1000
0,1000
0,1000
0,1000
0,1000
0,1000
0,1000
0,1000
0,1000
0,1000
0,1000
0,1000
0,1000
0,1000
0,1000
0,1000
0,1000
0,1000
0,1000
0,1000
0,1000
0,1000
0,1000
0,1000
0,1000
0,1000
0,1000
0,1000
0,1000
0,1000
0,1000
0,1000
0,1000
0,1000
0,1000
0,1000
0,1000
0,1000
0,1000
0,1000
0,1000
0,1000
0,1000
0,1000
0,1000
0,1000
0,1000
0,1000
0,1000
0,1000
0,1000
0,1000
0,1000
0,1000
0,1000
0,1000
0,1000
0,1000
0,1000
0,1000
0,1000
0,1000
0,1000
0,1000
0,1000
0,1000
0,1000
0,1000
0,1000
0,1000
0,1000
0,1000
0,1000
0,1000
0,1000
0,1000
0,1000
0,1000
0,1000
0,1000
0,1000
0,1000
0,1000
0,1000
0,1000
0,1000
0,1000
0,1000
0,1000
0,1000
0,1000
0,1000
0,1000
0,1000
0,1000
0,1000
0,1000
0,1000
0,1000
0,1000
0,1000
0,1000
0,1000
0,1000
0,1000
0,1000
0,1000
0,1000
0,1000
0,1000
0,1000
0,1000
0,1000
0,1000
0,1000
0,1000
0,1000
0,1000
0,1000
0,1000
0,1000
0,1000
0,1000
0,1000
0,1000
0,1000
0,1000
0,1000
0,1000
0,1000
0,1000
0,1000
0,1000
0,1000
0,1000
0,1000
0,1000
0,1000
0,1000
0,1000
0,1000
0,1000
0,1000
0,1000
0,1000
0,1000
0,1000
0,1000
0,1000
0,1000
0,1000
0,1000
0,1000
0,1000
0,1000
0,1000
0,1000
0,1000
0,1000
0,1000
0,1000
0,1000
0,1000
0,1000
0,1000
0,1000
0,1000
0,1000
0,1000
0,1000
0,1000
0,1000
0,1000
0,1000
0,1000
0,1000
0,1000
0,1000
0,1000
0,1000
0,1000
0,1000
0,1000
0,1000
0,1000
0,1000
0,1000
0,1000
0,1000
0,1000
0,1000
0,1000
0,1000
0,1000
0,1000
0,1000
0,1000
0,1000
0,1000
0,1000
0,1000
0,1000
0,1000
0,1000
0,1000
0,1000
0,1000
0,1000
0,1000
0,1000
0,1000
0,1000
0,1000
0,1000
0,1000
0,1000
0,1000
0,1000
0,1000
0,1000
0,1000
0,1000
0,1000
0,1000
0,1000
0,1000
0,1000
0,1000
0,1000
0,1000
0,1000
0,1000
0,1000
0,1000
0,1000
0,1000
0,1000
0,1000
0,1000
0,1000
0,1000
0,1000
0,1000
0,1000
0,1000
0,1000
0,1000
0,1000
0,1000
0,1000
0,1000
0,1000
0,1000
0,1000
0,1000
0,1000
0,1000
0,1000
0,1000
0,1000
0,1000
0,1000
0,1000
0,1000
0,1000
0,1000
0,1000
0,1000
0,1000
0,1000
0,1000
0,1000
0,1000
0,1000
0,1000
0,1000
0,1000
0,1000
0,1000
0,1000
0,1000
0,1000
0,1000
0,1000
0,1000
0,1000
0,1000
0,1000
0,1000
0,1000
0,1000
0,1000
0,1000
0,1000
0,1000
0,1000
0,1000
0,1000
0,1000
0,1000
0,1000
0,1000
0,1000
0,1000
0,1000
0,1000
0,1000
0,1000
0,1000
0,1000
0,1000
0,1000
0,1000
0,1000
0,1000
0,1000
0,1000
0,1000
0,1000
0,1000
0,1000
0,1000
0,1000
0,1000
0,1000
0,1000
0,1000
0,1000
0,1000
0,1000
0,1000
0,1000
0,1000
0,1000
0,1000
0,1000
0,1000
0,1000
0,1000
0,1000
0,1000
0,1000
0,1000
0,1000
0,1000
0,1000
0,1000
0,1000
0,1000
0,1000
0,1000
0,1000
0,1000
0,1000
0,1000
0,1000
0,1000
0,1000
0,1000
0,1000
0,1000
0,1000
0,1000
0,1000
0,1000
0,1000
0,1000
0,1000
0,1000
0,1000
0,1000
0,1000
0,1000
0,1000
0,1000
0,1000
0,1000
0,1000
0,1000
0,1000
0,1000
0,1000
0,1000
0,1000
0,1000
0,1000
0,1000
0,1000
0,1000
0,1000
0,1000
0,1000
0,1000
0,1000
0,1000
0,1000
0,1000
0,1000
0,1000
0,1000
0,1000
0,1000
0,1000
0,1000
0,1000
0,1000
0,1000
0,1000
0,1000
0,1000
0,1000
0,1000
0,1000
0,1000
0,1000
0,1000
0,1000
0,1000
0,1000
0,1000
0,1000
0,1000
0,1000
0,1000
0,1000
0,1000
0,1000
0,1000
0,1000
0,1000
0,1000
0,1000
0,1000
0,1000
0,1000
0,1000
0,1000
0,1000
0,1000
0,1000
0,1000
0,1000
0,1000
0,1000
0,1000
0,1000
0,1000
0,1000
0,1000
0,1000
0,1000
0,1000
0,1000
0,1000
0,1000
0,1000
0,1000
0,1000
0,1000
0,1000
0,1000
0,1000
0,1000
0,1000
0,1000
0,1000
0,1000
0,1000
0,1000
0,1000
0,1000
0,1000
0,1000
0,1000
0,1000
0,1000
0,1000
0,1000
0,1000
0,1000
0,1000
0,1000
0,1000
0,1000
0,1000
0,1000
0,1000
0,1000
0,1000
0,1000
0,1000
0,1000
0,1000
0,1000
0,1000
0,1000
0,1000
0,1000
0,1000
0,1000
0,1000
0,1000
0,1000
0,1000
0,1000
0,1000
0,1000
0,1000
0,1000
0,1000
0,1000
0,1000
0,1000
0,1000
0,1000
0,1000
0,1000
0,1000
0,1000
0,1000
0,1000
0,1000
0,1000
0,1000
0,1000
0,1000
0,1000
0,1000
0,1000
0,1000
0,1000
0,1000
0,1000
0,1000
0,1000
0,1000
0,1000
0,1000
0,1000
0,1000
0,1000
0,1000
0,1000
0,1000
0,1000
0,1000
0,1000
0,1000
0,1000
0,1000
0,1000
0,1000
0,1000
0,1000
0,1000
0,1000
0,1000
0,1000
0,1000
0,1000
0,1000
0,1000
0,1000
0,1000
0,1000
0,1000
0,1000
0,1000
0,1000
0,1000
0,1000
0,1000
0,1000
0,1000
0,1000
0,1000
0,1000
0,1000
0,1000
0,1000
0,1000
0,1000
0,1000
0,1000
0,1000
0,1000
0,1000
0,1000
0,1000
0,1000
0,1000
0,1000
0,1000
0,1000
0,1000
0,1000
0,1000
0,1000
0,1000
0,1000
0,1000
0,1000
0,1000
0,1000
0,1000
0,1000
0,1000
0,1000
0,1000
0,1000
0,1000
0,1000
0,1000
0,1000
0,1000
0,1000
0,1000
0,1000
0,1000
0,1000
0,1000
0,1000
0,1000
0,1000
0,1000
0,1000
0,1000
0,1000
0,1000
0,1000
0,1000
0,1000
0,1000
0,1000
0,1000
0,1000
0,1000
0,1000
0,1000
0,1000
0,1000
0,1000
0,1000
0,1000
0,1000
0,1000
0,1000
0,1000
0,1000
0,1000
0,1000
0,1000
0,1000
0,1000
0,1000
0,1000
0,1000
0,1000
0,1000
0,1000
0,1000
0,1000
0,1000
0,1000
0,1000
0,1000
0,1000
0,1000
0,1000
0,1000
0,1000
0,1000
0,1000
0,1000
0,1000
0,1000
0,1000
0,1000
0,1000
0,1000
0,1000
0,1000
0,1000
0,1000
0,1000
0,1000
0,1000
0,1000
0,1000
0,1000
0,1000
0,1000
0,1000
0,1000
0,1000
0,1000
0,1000
0,1000
0,1000
0,1000
0,1000
0,1000
0,1000
0,1000
0,1000
0,1000
0,1000
0,1000
0,1000
0,1000
0,1000
0,1000
0,1000
0,1000
0,1000
0,1000
0,1000
0,1000
0,1000
0,1000
0,1000
0,1000
0,1000
0,1000
0,1000
0,1000
0,1000
0,1000
0,1000
0,1000
0,1000
0,1000
0,1000
0,1000
0,1000
0,1000
0,1000
0,1000
0,1000
0,1000
0,1000
0,1000
0,1000
0,1000
0,1000
0,1000
0,1000
0,1000
0,1000
0,1000
0,1000
0,1000
0,1000
0,1000
0,1000
0,1000
0,1000
0,1000
0,1000
0,1000
0,1000
0,1000
0,1000
0,1000
0,1000
0,1000
0,1000
0,1000
0,1000
0,1000
0,1000
0,1000
0,1000
0,1000
0,1000
0,1000
0,1000
0,1000
0,1000
0,1000
0,1000
0,1000
0,1000
0,1000
0,1000
0,1000
0,1000
0,1000
0,1000
0,1000
0,1000
0,1000
0,1000
0,1000
0,1000
0,1000
0,1000
0,1000
0,1000
0,1000
0,1000
0,1000
0,1000
0,1000
0,1000
0,1000
0,1000
0,1000
0,1000
0,1000
0,1000
0,1000
0,1000
0,1000
0,1000
0,1000
0,1000
0,1000
0,1000
0,1000
0,1000
0,1000
0,1000
0,1000
0,1000
0,1000
0,1000
0,1000
0,1000
0,1000
0,1000
0,1000
0,1000
0,1000
0,1000
0,1000
0,1000
0,1000
0,1000
0,1000
0,1000
0,1000
0,1000
0,1000
0,1000
0,1000
0,1000
0,1000
0,1000
0,1000
0,1000
0,1000
0,1000
0,1000
0,1000
0,1000
0,1000
0,1000
0,1000
0,1000
0,1000
0,1000
0,1000
0,1000
0,1000
0,1000
0,1000
0,1000
0,1000
0,1000
0,1000
0,1000
0,1000
0,1000
0,1000
0,1000
0,1000
0,1000
0,1000
0,1000
0,1000
0,1000
0,1000
0,1000
0,1000
0,1000
0,1000
0,1000
0,1000
0,1000
0,1000
0,1000
0,1000
0,1000
0,1000
0,1000
0,1000
0,1000
0,1000
0,1000
0,1000
0,1000
0,1000
0,1000
0,1000
0,1000
0,1000
0,1000
0,1000
0,1000
0,1000
0,1000
0,1000
0,1000
0,1000
0,1000
0,1000
0,1000
0,1000
0,1000
0,1000
0,1000
0,1000
0,1000
0,1000
0,1000
0,1000
0,1000
0,1000
0,1000
0,1000
0,1000
0,1000
0,1000
0,1000
0,1000
0,1000
0,1000
0,1000
0,1000
0,1000
0,1000
0,1000
0,1000
0,1000
0,1000
0,1000
0,1000
0,1000
0,1000
0,1000
0,1000
0,1000
0,1000
0,1000
0,1000
0,1000
0,1000
0,1000
0,1000
0,1000
0,1000
0,1000
0,1000
0,1000
0,1000
0,1000
0,1000
0,1000
0,1000
0,1000
0,1000
0,1000
0,1000
0,1000
0,1000
0,1000
0,1000
0,1000
0,1000
0,1000
0,1000
0,1000
0,1000
0,1000
0,1000
0,1000
0,1000
0,1000
0,1000
0,1000
0,1000
0,1000
0,1000
0,1000
0,1000
0,1000
0,1000
0,1000
0,1000
0,1000
0,1000
0,1000
0,1000
0,1000
0,1000
0,1000
0,1000
0,1000
0,1000
0,1000
0,1000
0,1000
0,1000
0,1000
0,1000
0,1000
0,1000
0,1000
0,1000
0,1000
0,1000
0,1000
0,1000
0,1000
0,1000
0,1000
0,1000
0,1000
0,1000
0,1000
0,1000
0,1000
0,1000
0,1000
0,1000
0,1000
0,1000
0,1000
0,1000
0,1000
0,1000
0,1000
0,1000
0,1000
0,1000
0,1000
0,1000
0,1000
0,1000
0,1000
0,1000
0,1000
0,1000
0,1000
0,1000
0,1000
0,1000
0,1000
0,1000
0,1000
0,1000
0,1000
0,1000
0,1000
0,1000
0,1000
0,1000
0,1000
0,1000
0,1000
0,1000
0,1000
0,1000
0,1000
0,1000
0,1000
0,1000
0,1000
0,1000
0,1000
0,1000
0,1000
0,1000
0,1000
0,1000
0,1000
0,1000
0,1000
0,1000
0,1000
0,1000
0,1000
0,1000
0,1000
0,1000
0,1000
0,1000
0,1000
0,1000
0,1000
0,1000
0,1000
0,1000
0,1000
0,1000
0,1000
0,1000
0,1000
0,1000
0,1000
0,1000
0,1000
0,1000
0,1000
0,1000
0,1000
0,1000
0,1000
0,1000
0,1000
0,1000
0,1000
0,1000
0,1000
0,1000
0,1000
0,1000
0,1000
0,1000
0,1000
0,1000
0,1000
0,1000
0,1000
0,1000
0,1000
0,1000
0,1000
0,1000
0,1000
0,1000
0,1000
0,1000
0,1000
0,1000
0,1000
0,1000
0,1000
0,1000
0,1000
0,1000
0,1000
0,1000
0,1000
0,1000
0,1000
0,1000
0,1000
0,1000
0,1000
0,1000
0,1000
0,1000
0,1000
0,1000
0,1000
0,1000
0,1000
0,1000
0,1000
0,1000
0,1000
0,1000
0,1000
0,1000
0,1000
0,1000
0,1000
0,1000
0,1000
0,1000
0,1000
0,1000
0,1000
0,1000
0,1000
0,1000
0,1000
0,1000
0,1000
0,1000
0,1000
0,1000
0,1000
0,1000
0,1000
0,1000
0,1000
0,1000
0,1000
0,1000
0,1000
0,1000
0,1000
0,1000
0,1000
0,1000
0,1000
0,1000
0,1000
0,1000
0,1000
0,1000
0,1000
0,1000
0,1000
0,1000
0,1000
0,1000
0,1000
0,1000
0,1000
0,1000
0,1000
0,1000
0,1000
0,1000
0,1000
0,1000
0,1000
0,1000
0,1000
0,1000
0,1000
0,1000
0,1000
0,1000
0,1000
0,1000
0,1000
0,1000
0,1000
0,1000
0,1000
0,1000
0,1000
0,1000
0,1000
0,1000
0,1000
0,1000
0,1000
0,1000
0,1000
0,1000
0,1000
0,1000
0,1000
0,1000
0,1000
0,1000
0,1000
0,1000
0,1000
0,1000
0,1000
0,1000
0,1000
0,1000
0,1000
0,1000
0,1000
0,1000
0,1000
0,1000
0,1000
0,1000
0,1000
0,1000
0,1000
0,1000
0,1000
0,1000
0,1000
0,1000
0,1000
0,1000
0,1000
0,1000
0,1000
0,1000
0,1000
0,1000
0,1000
0,1000
0,1000
0,1000
0,1000
0,1000
0,1000
0,1000
0,1000
0,1000
0,1000
0,1000
0,1000
0,1000
0,1000
0,1000
0,1000
0,1000
0,1000
0,1000
0,1000
0,1000
0,1000
0,1000
0,1000
0,1000
0,1000
0,1000
0,1000
0,1000
0,1000
0,1000
0,1000
0,1000
0,1000
0,1000
0,1000
0,1000
0,1000
0,1000
0,1000
0,1000
0,1000
0,1000
0,1000
0,1000
0,1000
0,1000
0,1000
0,1000
0,1000
0,1000
0,1000
0,1000
0,1000
0,1000
0,1000
0,1000
0,1000
0,1000
0,1000
0,1000
0,1000
0,1000
0,1000
0,1000
0,1000
0,1000
0,1000
0,1000
0,1000
0,1000
0,1000
0,1000
0,1000
0,1000
0,1000
0,1000
0,1000
0,1000
0,1000
0,1000
0,1000
0,1000
0,1000
0,1000
0,1000
0,1000
0,1000
0,1000
0,1000
0,1000
0,1000
0,1000
0,1000
0,1000
0,1000
0,1000
0,1000
0,1000
0,1000
0,1000
0,1000
0,1000
0,1000
0,1000
0,1000
0,1000
0,1000
0,1000
0,1000
0,1000
0,1000
0,1000
0,1000
0,1000
0,1000
0,1000
0,1000
0,1000
0,1000
0,1000
0,1000
0,1000
0,1000
0,1000
0,1000
0,1000
0,1000
0,1000
0,1000
0,1000
0,1000
0,1000
0,1000
0,1000
0,1000
0,1000
0,1000
0,1000
0,1000
0,1000
0,1000
0,1000
0,1000
0,1000
0,1000
0,1000
0,1000
0,1000
0,1000
0,1000
0,1000
0,1000
0,1000
0,1000
0,1000
0,1000
0,1000
0,1000
0,1000
0,1000
0,1000
0,1000
0,1000
0,1000
0,1000
0,1000
0,1000
0,1000
0,1000
0,1000
0,1000
0,1000
0,1000
0,1000
0,1000
0,1000
0,1000
0,1000
0,1000
0,1000
0,1000
0,1000
0,1000
0,1000
0,1000
0,1000
0,1000
0,1000
0,1000
0,1000
0,1000
0,1000
0,1000
0,1000
0,1000
0,1000
0,1000
0,1000
0,1000
0,1000
0,1000
0,1000
0,1000
0,1000
0,1000
0,1000
0,1000
0,1000
0,1000
0,1000
0,1000
0,1000
0,1000
0,1000
0,1000
0,1000
0,1000
0,1000
0,1000
0,1000
0,1000
0,1000
0,1000
0,1000
0,1000
0,1000
0,1000
0,1000
0,1000
0,1000
0,1000
0,1000
0,1000
0,1000
0,1000
0,1000
0,1000
0,1000
0,1000
0,1000
0,1000
0,1000
0,1000
0,1000
0,1000
0,1000
0,1000
0,1000
0,1000
0,1000
0,1000
0,1000
0,1000
0,1000
0,1000
0,1000
0,1000
0,1000
0,1000
0,1000
0,1000
0,1000
0,1000
0,1000
0,1000
0,1000
0,1000
0,1000
0,1000
0,1000
0,1000
0,1000
0,1000
0,1000
0,1000
0,1000
0,1000
0,1000
0,1000
0,1000
0,1000
0,1000
0,1000
0,1000
0,1000
0,1000
0,1000
0,1000
0,1000
0,1000
0,1000
0,1000
0,1000
0,1000
0,1000
0,1000
0,1000
0,1000
0,1000
0,1000
0,1000
0,1000
0,1000
0,1000
0,1000
0,1000
0,1000
0,1000
0,1000
0,1000
0,1000
0,1000
0,1000
0,1000
0,1000
0,1000
0,1000
0,1000
0,1000
0,1000
0,1000
0,1000
0,1000
0,1000
0,1000
0,1000
0,1000
